(kicad_pcb (version 20171130) (host pcbnew 5.0.2+dfsg1-1~bpo9+1)

  (general
    (thickness 1.6)
    (drawings 58)
    (tracks 1920)
    (zones 0)
    (modules 88)
    (nets 61)
  )

  (page A4)
  (layers
    (0 F.Cu signal)
    (31 B.Cu signal)
    (32 B.Adhes user)
    (33 F.Adhes user)
    (34 B.Paste user)
    (35 F.Paste user)
    (36 B.SilkS user)
    (37 F.SilkS user)
    (38 B.Mask user)
    (39 F.Mask user)
    (40 Dwgs.User user)
    (41 Cmts.User user)
    (42 Eco1.User user)
    (43 Eco2.User user)
    (44 Edge.Cuts user)
    (45 Margin user)
    (46 B.CrtYd user)
    (47 F.CrtYd user)
    (48 B.Fab user)
    (49 F.Fab user)
  )

  (setup
    (last_trace_width 0.25)
    (user_trace_width 0.3)
    (trace_clearance 0.2)
    (zone_clearance 0.508)
    (zone_45_only no)
    (trace_min 0.2)
    (segment_width 0.2)
    (edge_width 0.1)
    (via_size 0.8)
    (via_drill 0.4)
    (via_min_size 0.4)
    (via_min_drill 0.3)
    (user_via 1 0.6)
    (uvia_size 0.3)
    (uvia_drill 0.1)
    (uvias_allowed no)
    (uvia_min_size 0.2)
    (uvia_min_drill 0.1)
    (pcb_text_width 0.3)
    (pcb_text_size 1.5 1.5)
    (mod_edge_width 0.15)
    (mod_text_size 1 1)
    (mod_text_width 0.15)
    (pad_size 1.5 1.5)
    (pad_drill 0.6)
    (pad_to_mask_clearance 0)
    (solder_mask_min_width 0.25)
    (aux_axis_origin 0 0)
    (visible_elements FFFFF77F)
    (pcbplotparams
      (layerselection 0x010f0_ffffffff)
      (usegerberextensions true)
      (usegerberattributes false)
      (usegerberadvancedattributes false)
      (creategerberjobfile false)
      (excludeedgelayer true)
      (linewidth 0.100000)
      (plotframeref false)
      (viasonmask false)
      (mode 1)
      (useauxorigin false)
      (hpglpennumber 1)
      (hpglpenspeed 20)
      (hpglpendiameter 15.000000)
      (psnegative false)
      (psa4output false)
      (plotreference true)
      (plotvalue true)
      (plotinvisibletext false)
      (padsonsilk false)
      (subtractmaskfromsilk false)
      (outputformat 1)
      (mirror false)
      (drillshape 0)
      (scaleselection 1)
      (outputdirectory ""))
  )

  (net 0 "")
  (net 1 /39)
  (net 2 /20)
  (net 3 /40)
  (net 4 "Net-(D101-Pad2)")
  (net 5 /1)
  (net 6 /2)
  (net 7 /3)
  (net 8 /4)
  (net 9 /5)
  (net 10 /6)
  (net 11 /7)
  (net 12 /8)
  (net 13 /10)
  (net 14 /11)
  (net 15 /12)
  (net 16 /13)
  (net 17 /14)
  (net 18 /15)
  (net 19 /16)
  (net 20 /32)
  (net 21 /31)
  (net 22 /30)
  (net 23 /29)
  (net 24 /28)
  (net 25 /27)
  (net 26 /24)
  (net 27 /23)
  (net 28 /22)
  (net 29 /21)
  (net 30 /19)
  (net 31 /18)
  (net 32 /17)
  (net 33 /33)
  (net 34 /34)
  (net 35 /35)
  (net 36 /36)
  (net 37 /37)
  (net 38 /42)
  (net 39 /43)
  (net 40 /44)
  (net 41 /45)
  (net 42 /46)
  (net 43 /47)
  (net 44 /48)
  (net 45 /64)
  (net 46 /63)
  (net 47 /62)
  (net 48 /61)
  (net 49 /60)
  (net 50 /59)
  (net 51 /58)
  (net 52 /56)
  (net 53 /55)
  (net 54 /54)
  (net 55 /53)
  (net 56 /52)
  (net 57 /51)
  (net 58 /50)
  (net 59 /49)
  (net 60 "Net-(R102-Pad2)")

  (net_class Default "Ceci est la Netclass par défaut."
    (clearance 0.2)
    (trace_width 0.25)
    (via_dia 0.8)
    (via_drill 0.4)
    (uvia_dia 0.3)
    (uvia_drill 0.1)
    (add_net /1)
    (add_net /10)
    (add_net /11)
    (add_net /12)
    (add_net /13)
    (add_net /14)
    (add_net /15)
    (add_net /16)
    (add_net /17)
    (add_net /18)
    (add_net /19)
    (add_net /2)
    (add_net /20)
    (add_net /21)
    (add_net /22)
    (add_net /23)
    (add_net /24)
    (add_net /27)
    (add_net /28)
    (add_net /29)
    (add_net /3)
    (add_net /30)
    (add_net /31)
    (add_net /32)
    (add_net /33)
    (add_net /34)
    (add_net /35)
    (add_net /36)
    (add_net /37)
    (add_net /39)
    (add_net /4)
    (add_net /40)
    (add_net /42)
    (add_net /43)
    (add_net /44)
    (add_net /45)
    (add_net /46)
    (add_net /47)
    (add_net /48)
    (add_net /49)
    (add_net /5)
    (add_net /50)
    (add_net /51)
    (add_net /52)
    (add_net /53)
    (add_net /54)
    (add_net /55)
    (add_net /56)
    (add_net /58)
    (add_net /59)
    (add_net /6)
    (add_net /60)
    (add_net /61)
    (add_net /62)
    (add_net /63)
    (add_net /64)
    (add_net /7)
    (add_net /8)
    (add_net "Net-(D101-Pad2)")
    (add_net "Net-(R102-Pad2)")
  )

  (module Capacitor_SMD:C_0603_1608Metric (layer B.Cu) (tedit 5D1E6594) (tstamp 5D859F2F)
    (at 152.654 139.7 270)
    (descr "Capacitor SMD 0603 (1608 Metric), square (rectangular) end terminal, IPC_7351 nominal, (Body size source: http://www.tortai-tech.com/upload/download/2011102023233369053.pdf), generated with kicad-footprint-generator")
    (tags capacitor)
    (path /5D280654)
    (attr smd)
    (fp_text reference C102 (at 0 1.43 270) (layer B.SilkS)
      (effects (font (size 1 1) (thickness 0.15)) (justify mirror))
    )
    (fp_text value 22pf (at 0 -1.43 270) (layer B.Fab)
      (effects (font (size 1 1) (thickness 0.15)) (justify mirror))
    )
    (fp_line (start -0.8 -0.4) (end -0.8 0.4) (layer B.Fab) (width 0.1))
    (fp_line (start -0.8 0.4) (end 0.8 0.4) (layer B.Fab) (width 0.1))
    (fp_line (start 0.8 0.4) (end 0.8 -0.4) (layer B.Fab) (width 0.1))
    (fp_line (start 0.8 -0.4) (end -0.8 -0.4) (layer B.Fab) (width 0.1))
    (fp_line (start -0.162779 0.51) (end 0.162779 0.51) (layer B.SilkS) (width 0.12))
    (fp_line (start -0.162779 -0.51) (end 0.162779 -0.51) (layer B.SilkS) (width 0.12))
    (fp_line (start -1.48 -0.73) (end -1.48 0.73) (layer B.CrtYd) (width 0.05))
    (fp_line (start -1.48 0.73) (end 1.48 0.73) (layer B.CrtYd) (width 0.05))
    (fp_line (start 1.48 0.73) (end 1.48 -0.73) (layer B.CrtYd) (width 0.05))
    (fp_line (start 1.48 -0.73) (end -1.48 -0.73) (layer B.CrtYd) (width 0.05))
    (fp_text user %R (at 0 0 270) (layer B.Fab)
      (effects (font (size 0.4 0.4) (thickness 0.06)) (justify mirror))
    )
    (pad 1 smd roundrect (at -0.7875 0 270) (size 0.875 0.95) (layers B.Cu B.Paste B.Mask) (roundrect_rratio 0.25)
      (net 3 /40))
    (pad 2 smd roundrect (at 0.7875 0 270) (size 0.875 0.95) (layers B.Cu B.Paste B.Mask) (roundrect_rratio 0.25)
      (net 2 /20))
    (model ${KISYS3DMOD}/Capacitor_SMD.3dshapes/C_0603_1608Metric.wrl
      (at (xyz 0 0 0))
      (scale (xyz 1 1 1))
      (rotate (xyz 0 0 0))
    )
  )

  (module Capacitor_SMD:C_0603_1608Metric (layer B.Cu) (tedit 5B301BBE) (tstamp 5D859EF2)
    (at 143.2305 126.873 180)
    (descr "Capacitor SMD 0603 (1608 Metric), square (rectangular) end terminal, IPC_7351 nominal, (Body size source: http://www.tortai-tech.com/upload/download/2011102023233369053.pdf), generated with kicad-footprint-generator")
    (tags capacitor)
    (path /5D2805C5)
    (attr smd)
    (fp_text reference C101 (at 0 1.43 180) (layer B.SilkS)
      (effects (font (size 1 1) (thickness 0.15)) (justify mirror))
    )
    (fp_text value 22pf (at 0 -1.43 180) (layer B.Fab)
      (effects (font (size 1 1) (thickness 0.15)) (justify mirror))
    )
    (fp_text user %R (at 0 0 180) (layer B.Fab)
      (effects (font (size 0.4 0.4) (thickness 0.06)) (justify mirror))
    )
    (fp_line (start 1.48 -0.73) (end -1.48 -0.73) (layer B.CrtYd) (width 0.05))
    (fp_line (start 1.48 0.73) (end 1.48 -0.73) (layer B.CrtYd) (width 0.05))
    (fp_line (start -1.48 0.73) (end 1.48 0.73) (layer B.CrtYd) (width 0.05))
    (fp_line (start -1.48 -0.73) (end -1.48 0.73) (layer B.CrtYd) (width 0.05))
    (fp_line (start -0.162779 -0.51) (end 0.162779 -0.51) (layer B.SilkS) (width 0.12))
    (fp_line (start -0.162779 0.51) (end 0.162779 0.51) (layer B.SilkS) (width 0.12))
    (fp_line (start 0.8 -0.4) (end -0.8 -0.4) (layer B.Fab) (width 0.1))
    (fp_line (start 0.8 0.4) (end 0.8 -0.4) (layer B.Fab) (width 0.1))
    (fp_line (start -0.8 0.4) (end 0.8 0.4) (layer B.Fab) (width 0.1))
    (fp_line (start -0.8 -0.4) (end -0.8 0.4) (layer B.Fab) (width 0.1))
    (pad 2 smd roundrect (at 0.7875 0 180) (size 0.875 0.95) (layers B.Cu B.Paste B.Mask) (roundrect_rratio 0.25)
      (net 2 /20))
    (pad 1 smd roundrect (at -0.7875 0 180) (size 0.875 0.95) (layers B.Cu B.Paste B.Mask) (roundrect_rratio 0.25)
      (net 1 /39))
    (model ${KISYS3DMOD}/Capacitor_SMD.3dshapes/C_0603_1608Metric.wrl
      (at (xyz 0 0 0))
      (scale (xyz 1 1 1))
      (rotate (xyz 0 0 0))
    )
  )

  (module Crystal:Crystal_SMD_7050-4Pin_7.0x5.0mm (layer B.Cu) (tedit 5A0FD1B2) (tstamp 5D859E5F)
    (at 197.358 133.731 270)
    (descr "SMD Crystal SERIES SMD7050/4 https://www.foxonline.com/pdfs/FQ7050.pdf, 7.0x5.0mm^2 package")
    (tags "SMD SMT crystal")
    (path /5D280375)
    (attr smd)
    (fp_text reference Y102 (at 0 3.7 270) (layer B.SilkS)
      (effects (font (size 1 1) (thickness 0.15)) (justify mirror))
    )
    (fp_text value 12Mhz (at 0 -3.7 270) (layer B.Fab)
      (effects (font (size 1 1) (thickness 0.15)) (justify mirror))
    )
    (fp_line (start 4.3 2.8) (end -4.3 2.8) (layer B.CrtYd) (width 0.05))
    (fp_line (start 4.3 -2.8) (end 4.3 2.8) (layer B.CrtYd) (width 0.05))
    (fp_line (start -4.3 -2.8) (end 4.3 -2.8) (layer B.CrtYd) (width 0.05))
    (fp_line (start -4.3 2.8) (end -4.3 -2.8) (layer B.CrtYd) (width 0.05))
    (fp_line (start 3.7 0.3) (end 3.7 -0.3) (layer B.SilkS) (width 0.12))
    (fp_line (start -3.7 -0.3) (end -3.7 0.3) (layer B.SilkS) (width 0.12))
    (fp_line (start -4.2 -0.3) (end -3.7 -0.3) (layer B.SilkS) (width 0.12))
    (fp_line (start 3.7 -2.7) (end 3.7 -2.4) (layer B.SilkS) (width 0.12))
    (fp_line (start -3.7 -2.7) (end 3.7 -2.7) (layer B.SilkS) (width 0.12))
    (fp_line (start -3.7 -2.4) (end -3.7 -2.7) (layer B.SilkS) (width 0.12))
    (fp_line (start -4.2 -2.4) (end -3.7 -2.4) (layer B.SilkS) (width 0.12))
    (fp_line (start 3.7 2.7) (end 3.7 2.4) (layer B.SilkS) (width 0.12))
    (fp_line (start -3.7 2.7) (end 3.7 2.7) (layer B.SilkS) (width 0.12))
    (fp_line (start -3.7 2.4) (end -3.7 2.7) (layer B.SilkS) (width 0.12))
    (fp_line (start -3.5 -1.5) (end -2.5 -2.5) (layer B.Fab) (width 0.1))
    (fp_line (start -3.5 2.3) (end -3.3 2.5) (layer B.Fab) (width 0.1))
    (fp_line (start -3.5 -2.3) (end -3.5 2.3) (layer B.Fab) (width 0.1))
    (fp_line (start -3.3 -2.5) (end -3.5 -2.3) (layer B.Fab) (width 0.1))
    (fp_line (start 3.3 -2.5) (end -3.3 -2.5) (layer B.Fab) (width 0.1))
    (fp_line (start 3.5 -2.3) (end 3.3 -2.5) (layer B.Fab) (width 0.1))
    (fp_line (start 3.5 2.3) (end 3.5 -2.3) (layer B.Fab) (width 0.1))
    (fp_line (start 3.3 2.5) (end 3.5 2.3) (layer B.Fab) (width 0.1))
    (fp_line (start -3.3 2.5) (end 3.3 2.5) (layer B.Fab) (width 0.1))
    (fp_text user %R (at 0 0 270) (layer B.Fab)
      (effects (font (size 1 1) (thickness 0.15)) (justify mirror))
    )
    (pad 4 smd rect (at -2.95 1.35 270) (size 2.1 1.7) (layers B.Cu B.Paste B.Mask))
    (pad 3 smd rect (at 2.95 1.35 270) (size 2.1 1.7) (layers B.Cu B.Paste B.Mask))
    (pad 2 smd rect (at 2.95 -1.35 270) (size 2.1 1.7) (layers B.Cu B.Paste B.Mask)
      (net 3 /40))
    (pad 1 smd rect (at -2.95 -1.35 270) (size 2.1 1.7) (layers B.Cu B.Paste B.Mask)
      (net 1 /39))
    (model ${KISYS3DMOD}/Crystal.3dshapes/Crystal_SMD_7050-4Pin_7.0x5.0mm.wrl
      (at (xyz 0 0 0))
      (scale (xyz 1 1 1))
      (rotate (xyz 0 0 0))
    )
  )

  (module Connector_PinSocket_2.54mm:PinSocket_2x08_P2.54mm_Vertical (layer B.Cu) (tedit 5D1E5822) (tstamp 5D859FAC)
    (at 155.194 112.776 90)
    (descr "Through hole straight socket strip, 2x08, 2.54mm pitch, double cols (from Kicad 4.0.7), script generated")
    (tags "Through hole socket strip THT 2x08 2.54mm double row")
    (path /5D11D255)
    (fp_text reference J101 (at -1.27 2.77 90) (layer B.SilkS)
      (effects (font (size 1 1) (thickness 0.15)) (justify mirror))
    )
    (fp_text value Conn_02x08_Odd_Even (at -1.27 -20.55 90) (layer B.Fab) hide
      (effects (font (size 1 1) (thickness 0.15)) (justify mirror))
    )
    (fp_text user %R (at -1.27 -8.89) (layer B.Fab)
      (effects (font (size 1 1) (thickness 0.15)) (justify mirror))
    )
    (fp_line (start -4.34 -19.55) (end -4.34 1.8) (layer B.CrtYd) (width 0.05))
    (fp_line (start 1.76 -19.55) (end -4.34 -19.55) (layer B.CrtYd) (width 0.05))
    (fp_line (start 1.76 1.8) (end 1.76 -19.55) (layer B.CrtYd) (width 0.05))
    (fp_line (start -4.34 1.8) (end 1.76 1.8) (layer B.CrtYd) (width 0.05))
    (fp_line (start 0 1.33) (end 1.33 1.33) (layer B.SilkS) (width 0.12))
    (fp_line (start 1.33 1.33) (end 1.33 0) (layer B.SilkS) (width 0.12))
    (fp_line (start -1.27 1.33) (end -1.27 -1.27) (layer B.SilkS) (width 0.12))
    (fp_line (start -1.27 -1.27) (end 1.33 -1.27) (layer B.SilkS) (width 0.12))
    (fp_line (start 1.33 -1.27) (end 1.33 -19.11) (layer B.SilkS) (width 0.12))
    (fp_line (start -3.87 -19.11) (end 1.33 -19.11) (layer B.SilkS) (width 0.12))
    (fp_line (start -3.87 1.33) (end -3.87 -19.11) (layer B.SilkS) (width 0.12))
    (fp_line (start -3.87 1.33) (end -1.27 1.33) (layer B.SilkS) (width 0.12))
    (fp_line (start -3.81 -19.05) (end -3.81 1.27) (layer B.Fab) (width 0.1))
    (fp_line (start 1.27 -19.05) (end -3.81 -19.05) (layer B.Fab) (width 0.1))
    (fp_line (start 1.27 0.27) (end 1.27 -19.05) (layer B.Fab) (width 0.1))
    (fp_line (start 0.27 1.27) (end 1.27 0.27) (layer B.Fab) (width 0.1))
    (fp_line (start -3.81 1.27) (end 0.27 1.27) (layer B.Fab) (width 0.1))
    (pad 16 thru_hole oval (at -2.54 -17.78 90) (size 1.7 1.7) (drill 1) (layers *.Cu *.Mask)
      (net 18 /15))
    (pad 15 thru_hole oval (at 0 -17.78 90) (size 1.7 1.7) (drill 1) (layers *.Cu *.Mask)
      (net 19 /16))
    (pad 14 thru_hole oval (at -2.54 -15.24 90) (size 1.7 1.7) (drill 1) (layers *.Cu *.Mask)
      (net 16 /13))
    (pad 13 thru_hole oval (at 0 -15.24 90) (size 1.7 1.7) (drill 1) (layers *.Cu *.Mask)
      (net 17 /14))
    (pad 12 thru_hole oval (at -2.54 -12.7 90) (size 1.7 1.7) (drill 1) (layers *.Cu *.Mask)
      (net 14 /11))
    (pad 11 thru_hole oval (at 0 -12.7 90) (size 1.7 1.7) (drill 1) (layers *.Cu *.Mask)
      (net 15 /12))
    (pad 10 thru_hole oval (at -2.54 -10.16 90) (size 1.7 1.7) (drill 1) (layers *.Cu *.Mask)
      (net 2 /20))
    (pad 9 thru_hole oval (at 0 -10.16 90) (size 1.7 1.7) (drill 1) (layers *.Cu *.Mask)
      (net 13 /10))
    (pad 8 thru_hole oval (at -2.54 -7.62 90) (size 1.7 1.7) (drill 1) (layers *.Cu *.Mask)
      (net 11 /7))
    (pad 7 thru_hole oval (at 0 -7.62 90) (size 1.7 1.7) (drill 1) (layers *.Cu *.Mask)
      (net 12 /8))
    (pad 6 thru_hole oval (at -2.54 -5.08 90) (size 1.7 1.7) (drill 1) (layers *.Cu *.Mask)
      (net 9 /5))
    (pad 5 thru_hole oval (at 0 -5.08 90) (size 1.7 1.7) (drill 1) (layers *.Cu *.Mask)
      (net 10 /6))
    (pad 4 thru_hole oval (at -2.54 -2.54 90) (size 1.7 1.7) (drill 1) (layers *.Cu *.Mask)
      (net 7 /3))
    (pad 3 thru_hole oval (at 0 -2.54 90) (size 1.7 1.7) (drill 1) (layers *.Cu *.Mask)
      (net 8 /4))
    (pad 2 thru_hole oval (at -2.54 0 90) (size 1.7 1.7) (drill 1) (layers *.Cu *.Mask)
      (net 5 /1))
    (pad 1 thru_hole rect (at 0 0 90) (size 1.7 1.7) (drill 1) (layers *.Cu *.Mask)
      (net 6 /2))
    (model ${KISYS3DMOD}/Connector_PinSocket_2.54mm.3dshapes/PinSocket_2x08_P2.54mm_Vertical.wrl
      (at (xyz 0 0 0))
      (scale (xyz 1 1 1))
      (rotate (xyz 0 0 0))
    )
  )

  (module f4deb-mod-library:QTZ (layer B.Cu) (tedit 5A4D3C35) (tstamp 5D859F61)
    (at 145.796 134.366 270)
    (path /5D280498)
    (fp_text reference Y101 (at 0.0508 3.5814 270) (layer B.SilkS)
      (effects (font (size 1.27 1.27) (thickness 0.2032)) (justify mirror))
    )
    (fp_text value 8Mhz (at -0.2032 -4.4958 270) (layer B.SilkS)
      (effects (font (size 1.27 1.27) (thickness 0.2032)) (justify mirror))
    )
    (fp_line (start -6.35 -2.54) (end -6.35 2.54) (layer B.SilkS) (width 0.3048))
    (fp_line (start 6.35 -2.54) (end -6.35 -2.54) (layer B.SilkS) (width 0.3048))
    (fp_line (start 6.35 2.54) (end 6.35 -2.54) (layer B.SilkS) (width 0.3048))
    (fp_line (start -6.35 2.54) (end 6.35 2.54) (layer B.SilkS) (width 0.3048))
    (pad 1 smd rect (at -2.54 -2.54 270) (size 2.54 2.54) (layers B.Cu B.Paste B.Mask)
      (net 1 /39))
    (pad 2 smd rect (at 2.54 -2.54 270) (size 2.54 2.54) (layers B.Cu B.Paste B.Mask)
      (net 3 /40))
    (pad 2 smd rect (at 2.54 2.54 270) (size 2.54 2.54) (layers B.Cu B.Paste B.Mask)
      (net 3 /40))
    (pad 1 smd rect (at -2.54 2.54 270) (size 2.54 2.54) (layers B.Cu B.Paste B.Mask)
      (net 1 /39))
    (model f4deb.3dshapes/Quartz-cms.wrl
      (at (xyz 0 0 0))
      (scale (xyz 1 1 1))
      (rotate (xyz 0 0 0))
    )
  )

  (module Resistor_SMD:R_0603_1608Metric (layer F.Cu) (tedit 5D852FF3) (tstamp 5D859EBF)
    (at 131.6735 152.273)
    (descr "Resistor SMD 0603 (1608 Metric), square (rectangular) end terminal, IPC_7351 nominal, (Body size source: http://www.tortai-tech.com/upload/download/2011102023233369053.pdf), generated with kicad-footprint-generator")
    (tags resistor)
    (path /5D220581)
    (attr smd)
    (fp_text reference R104 (at 0 -1.43) (layer F.SilkS) hide
      (effects (font (size 1 1) (thickness 0.15)))
    )
    (fp_text value 1k (at 0 1.43) (layer F.Fab)
      (effects (font (size 1 1) (thickness 0.15)))
    )
    (fp_line (start -0.8 0.4) (end -0.8 -0.4) (layer F.Fab) (width 0.1))
    (fp_line (start -0.8 -0.4) (end 0.8 -0.4) (layer F.Fab) (width 0.1))
    (fp_line (start 0.8 -0.4) (end 0.8 0.4) (layer F.Fab) (width 0.1))
    (fp_line (start 0.8 0.4) (end -0.8 0.4) (layer F.Fab) (width 0.1))
    (fp_line (start -0.162779 -0.51) (end 0.162779 -0.51) (layer F.SilkS) (width 0.12))
    (fp_line (start -0.162779 0.51) (end 0.162779 0.51) (layer F.SilkS) (width 0.12))
    (fp_line (start -1.48 0.73) (end -1.48 -0.73) (layer F.CrtYd) (width 0.05))
    (fp_line (start -1.48 -0.73) (end 1.48 -0.73) (layer F.CrtYd) (width 0.05))
    (fp_line (start 1.48 -0.73) (end 1.48 0.73) (layer F.CrtYd) (width 0.05))
    (fp_line (start 1.48 0.73) (end -1.48 0.73) (layer F.CrtYd) (width 0.05))
    (fp_text user %R (at 0 0) (layer F.Fab)
      (effects (font (size 0.4 0.4) (thickness 0.06)))
    )
    (pad 1 smd roundrect (at -0.7875 0) (size 0.875 0.95) (layers F.Cu F.Paste F.Mask) (roundrect_rratio 0.25)
      (net 13 /10))
    (pad 2 smd roundrect (at 0.7875 0) (size 0.875 0.95) (layers F.Cu F.Paste F.Mask) (roundrect_rratio 0.25)
      (net 4 "Net-(D101-Pad2)"))
    (model ${KISYS3DMOD}/Resistor_SMD.3dshapes/R_0603_1608Metric.wrl
      (at (xyz 0 0 0))
      (scale (xyz 1 1 1))
      (rotate (xyz 0 0 0))
    )
  )

  (module Capacitor_SMD:C_0603_1608Metric (layer B.Cu) (tedit 5B301BBE) (tstamp 5D859FDB)
    (at 150.114 140.462)
    (descr "Capacitor SMD 0603 (1608 Metric), square (rectangular) end terminal, IPC_7351 nominal, (Body size source: http://www.tortai-tech.com/upload/download/2011102023233369053.pdf), generated with kicad-footprint-generator")
    (tags capacitor)
    (path /5D2499B4)
    (attr smd)
    (fp_text reference C107 (at 0 1.43) (layer B.SilkS)
      (effects (font (size 1 1) (thickness 0.15)) (justify mirror))
    )
    (fp_text value C (at 0 -1.43) (layer B.Fab)
      (effects (font (size 1 1) (thickness 0.15)) (justify mirror))
    )
    (fp_text user %R (at 0 0) (layer B.Fab)
      (effects (font (size 0.4 0.4) (thickness 0.06)) (justify mirror))
    )
    (fp_line (start 1.48 -0.73) (end -1.48 -0.73) (layer B.CrtYd) (width 0.05))
    (fp_line (start 1.48 0.73) (end 1.48 -0.73) (layer B.CrtYd) (width 0.05))
    (fp_line (start -1.48 0.73) (end 1.48 0.73) (layer B.CrtYd) (width 0.05))
    (fp_line (start -1.48 -0.73) (end -1.48 0.73) (layer B.CrtYd) (width 0.05))
    (fp_line (start -0.162779 -0.51) (end 0.162779 -0.51) (layer B.SilkS) (width 0.12))
    (fp_line (start -0.162779 0.51) (end 0.162779 0.51) (layer B.SilkS) (width 0.12))
    (fp_line (start 0.8 -0.4) (end -0.8 -0.4) (layer B.Fab) (width 0.1))
    (fp_line (start 0.8 0.4) (end 0.8 -0.4) (layer B.Fab) (width 0.1))
    (fp_line (start -0.8 0.4) (end 0.8 0.4) (layer B.Fab) (width 0.1))
    (fp_line (start -0.8 -0.4) (end -0.8 0.4) (layer B.Fab) (width 0.1))
    (pad 2 smd roundrect (at 0.7875 0) (size 0.875 0.95) (layers B.Cu B.Paste B.Mask) (roundrect_rratio 0.25)
      (net 2 /20))
    (pad 1 smd roundrect (at -0.7875 0) (size 0.875 0.95) (layers B.Cu B.Paste B.Mask) (roundrect_rratio 0.25)
      (net 13 /10))
    (model ${KISYS3DMOD}/Capacitor_SMD.3dshapes/C_0603_1608Metric.wrl
      (at (xyz 0 0 0))
      (scale (xyz 1 1 1))
      (rotate (xyz 0 0 0))
    )
  )

  (module Capacitor_SMD:C_0603_1608Metric (layer B.Cu) (tedit 5B301BBE) (tstamp 5D85A207)
    (at 135.128 136.398 270)
    (descr "Capacitor SMD 0603 (1608 Metric), square (rectangular) end terminal, IPC_7351 nominal, (Body size source: http://www.tortai-tech.com/upload/download/2011102023233369053.pdf), generated with kicad-footprint-generator")
    (tags capacitor)
    (path /5D2497B7)
    (attr smd)
    (fp_text reference C104 (at 0 1.43 270) (layer B.SilkS)
      (effects (font (size 1 1) (thickness 0.15)) (justify mirror))
    )
    (fp_text value C (at 0 -1.43 270) (layer B.Fab)
      (effects (font (size 1 1) (thickness 0.15)) (justify mirror))
    )
    (fp_line (start -0.8 -0.4) (end -0.8 0.4) (layer B.Fab) (width 0.1))
    (fp_line (start -0.8 0.4) (end 0.8 0.4) (layer B.Fab) (width 0.1))
    (fp_line (start 0.8 0.4) (end 0.8 -0.4) (layer B.Fab) (width 0.1))
    (fp_line (start 0.8 -0.4) (end -0.8 -0.4) (layer B.Fab) (width 0.1))
    (fp_line (start -0.162779 0.51) (end 0.162779 0.51) (layer B.SilkS) (width 0.12))
    (fp_line (start -0.162779 -0.51) (end 0.162779 -0.51) (layer B.SilkS) (width 0.12))
    (fp_line (start -1.48 -0.73) (end -1.48 0.73) (layer B.CrtYd) (width 0.05))
    (fp_line (start -1.48 0.73) (end 1.48 0.73) (layer B.CrtYd) (width 0.05))
    (fp_line (start 1.48 0.73) (end 1.48 -0.73) (layer B.CrtYd) (width 0.05))
    (fp_line (start 1.48 -0.73) (end -1.48 -0.73) (layer B.CrtYd) (width 0.05))
    (fp_text user %R (at 0 0 270) (layer B.Fab)
      (effects (font (size 0.4 0.4) (thickness 0.06)) (justify mirror))
    )
    (pad 1 smd roundrect (at -0.7875 0 270) (size 0.875 0.95) (layers B.Cu B.Paste B.Mask) (roundrect_rratio 0.25)
      (net 13 /10))
    (pad 2 smd roundrect (at 0.7875 0 270) (size 0.875 0.95) (layers B.Cu B.Paste B.Mask) (roundrect_rratio 0.25)
      (net 2 /20))
    (model ${KISYS3DMOD}/Capacitor_SMD.3dshapes/C_0603_1608Metric.wrl
      (at (xyz 0 0 0))
      (scale (xyz 1 1 1))
      (rotate (xyz 0 0 0))
    )
  )

  (module Capacitor_SMD:C_0603_1608Metric (layer B.Cu) (tedit 5B301BBE) (tstamp 5D85A217)
    (at 159.385 129.413 270)
    (descr "Capacitor SMD 0603 (1608 Metric), square (rectangular) end terminal, IPC_7351 nominal, (Body size source: http://www.tortai-tech.com/upload/download/2011102023233369053.pdf), generated with kicad-footprint-generator")
    (tags capacitor)
    (path /5D249853)
    (attr smd)
    (fp_text reference C105 (at 0 1.43 270) (layer B.SilkS)
      (effects (font (size 1 1) (thickness 0.15)) (justify mirror))
    )
    (fp_text value C (at 0 -1.43 270) (layer B.Fab)
      (effects (font (size 1 1) (thickness 0.15)) (justify mirror))
    )
    (fp_text user %R (at 0 0 270) (layer B.Fab)
      (effects (font (size 0.4 0.4) (thickness 0.06)) (justify mirror))
    )
    (fp_line (start 1.48 -0.73) (end -1.48 -0.73) (layer B.CrtYd) (width 0.05))
    (fp_line (start 1.48 0.73) (end 1.48 -0.73) (layer B.CrtYd) (width 0.05))
    (fp_line (start -1.48 0.73) (end 1.48 0.73) (layer B.CrtYd) (width 0.05))
    (fp_line (start -1.48 -0.73) (end -1.48 0.73) (layer B.CrtYd) (width 0.05))
    (fp_line (start -0.162779 -0.51) (end 0.162779 -0.51) (layer B.SilkS) (width 0.12))
    (fp_line (start -0.162779 0.51) (end 0.162779 0.51) (layer B.SilkS) (width 0.12))
    (fp_line (start 0.8 -0.4) (end -0.8 -0.4) (layer B.Fab) (width 0.1))
    (fp_line (start 0.8 0.4) (end 0.8 -0.4) (layer B.Fab) (width 0.1))
    (fp_line (start -0.8 0.4) (end 0.8 0.4) (layer B.Fab) (width 0.1))
    (fp_line (start -0.8 -0.4) (end -0.8 0.4) (layer B.Fab) (width 0.1))
    (pad 2 smd roundrect (at 0.7875 0 270) (size 0.875 0.95) (layers B.Cu B.Paste B.Mask) (roundrect_rratio 0.25)
      (net 2 /20))
    (pad 1 smd roundrect (at -0.7875 0 270) (size 0.875 0.95) (layers B.Cu B.Paste B.Mask) (roundrect_rratio 0.25)
      (net 13 /10))
    (model ${KISYS3DMOD}/Capacitor_SMD.3dshapes/C_0603_1608Metric.wrl
      (at (xyz 0 0 0))
      (scale (xyz 1 1 1))
      (rotate (xyz 0 0 0))
    )
  )

  (module Package_QFP:TQFP-64_10x10mm_P0.5mm (layer F.Cu) (tedit 5B56F227) (tstamp 5D85A22D)
    (at 149.479 131.572 270)
    (descr "TQFP, 64 Pin (http://www.microsemi.com/index.php?option=com_docman&task=doc_download&gid=131095), generated with kicad-footprint-generator ipc_qfp_generator.py")
    (tags "TQFP QFP")
    (path /5D084F12)
    (attr smd)
    (fp_text reference U101 (at 0 -7.35 270) (layer F.SilkS)
      (effects (font (size 1 1) (thickness 0.15)))
    )
    (fp_text value PIC32MZ2048ECM064 (at 0 7.35 270) (layer F.Fab)
      (effects (font (size 1 1) (thickness 0.15)))
    )
    (fp_line (start -4.16 -5.11) (end -5.11 -5.11) (layer F.SilkS) (width 0.12))
    (fp_line (start -5.11 -5.11) (end -5.11 -4.16) (layer F.SilkS) (width 0.12))
    (fp_line (start 4.16 -5.11) (end 5.11 -5.11) (layer F.SilkS) (width 0.12))
    (fp_line (start 5.11 -5.11) (end 5.11 -4.16) (layer F.SilkS) (width 0.12))
    (fp_line (start -4.16 5.11) (end -5.11 5.11) (layer F.SilkS) (width 0.12))
    (fp_line (start -5.11 5.11) (end -5.11 4.16) (layer F.SilkS) (width 0.12))
    (fp_line (start 4.16 5.11) (end 5.11 5.11) (layer F.SilkS) (width 0.12))
    (fp_line (start 5.11 5.11) (end 5.11 4.16) (layer F.SilkS) (width 0.12))
    (fp_line (start -5.11 -4.16) (end -6.4 -4.16) (layer F.SilkS) (width 0.12))
    (fp_line (start -4 -5) (end 5 -5) (layer F.Fab) (width 0.1))
    (fp_line (start 5 -5) (end 5 5) (layer F.Fab) (width 0.1))
    (fp_line (start 5 5) (end -5 5) (layer F.Fab) (width 0.1))
    (fp_line (start -5 5) (end -5 -4) (layer F.Fab) (width 0.1))
    (fp_line (start -5 -4) (end -4 -5) (layer F.Fab) (width 0.1))
    (fp_line (start 0 -6.65) (end -4.15 -6.65) (layer F.CrtYd) (width 0.05))
    (fp_line (start -4.15 -6.65) (end -4.15 -5.25) (layer F.CrtYd) (width 0.05))
    (fp_line (start -4.15 -5.25) (end -5.25 -5.25) (layer F.CrtYd) (width 0.05))
    (fp_line (start -5.25 -5.25) (end -5.25 -4.15) (layer F.CrtYd) (width 0.05))
    (fp_line (start -5.25 -4.15) (end -6.65 -4.15) (layer F.CrtYd) (width 0.05))
    (fp_line (start -6.65 -4.15) (end -6.65 0) (layer F.CrtYd) (width 0.05))
    (fp_line (start 0 -6.65) (end 4.15 -6.65) (layer F.CrtYd) (width 0.05))
    (fp_line (start 4.15 -6.65) (end 4.15 -5.25) (layer F.CrtYd) (width 0.05))
    (fp_line (start 4.15 -5.25) (end 5.25 -5.25) (layer F.CrtYd) (width 0.05))
    (fp_line (start 5.25 -5.25) (end 5.25 -4.15) (layer F.CrtYd) (width 0.05))
    (fp_line (start 5.25 -4.15) (end 6.65 -4.15) (layer F.CrtYd) (width 0.05))
    (fp_line (start 6.65 -4.15) (end 6.65 0) (layer F.CrtYd) (width 0.05))
    (fp_line (start 0 6.65) (end -4.15 6.65) (layer F.CrtYd) (width 0.05))
    (fp_line (start -4.15 6.65) (end -4.15 5.25) (layer F.CrtYd) (width 0.05))
    (fp_line (start -4.15 5.25) (end -5.25 5.25) (layer F.CrtYd) (width 0.05))
    (fp_line (start -5.25 5.25) (end -5.25 4.15) (layer F.CrtYd) (width 0.05))
    (fp_line (start -5.25 4.15) (end -6.65 4.15) (layer F.CrtYd) (width 0.05))
    (fp_line (start -6.65 4.15) (end -6.65 0) (layer F.CrtYd) (width 0.05))
    (fp_line (start 0 6.65) (end 4.15 6.65) (layer F.CrtYd) (width 0.05))
    (fp_line (start 4.15 6.65) (end 4.15 5.25) (layer F.CrtYd) (width 0.05))
    (fp_line (start 4.15 5.25) (end 5.25 5.25) (layer F.CrtYd) (width 0.05))
    (fp_line (start 5.25 5.25) (end 5.25 4.15) (layer F.CrtYd) (width 0.05))
    (fp_line (start 5.25 4.15) (end 6.65 4.15) (layer F.CrtYd) (width 0.05))
    (fp_line (start 6.65 4.15) (end 6.65 0) (layer F.CrtYd) (width 0.05))
    (fp_text user %R (at 0 0 270) (layer F.Fab)
      (effects (font (size 1 1) (thickness 0.15)))
    )
    (pad 1 smd roundrect (at -5.6625 -3.75 270) (size 1.475 0.3) (layers F.Cu F.Paste F.Mask) (roundrect_rratio 0.25)
      (net 5 /1))
    (pad 2 smd roundrect (at -5.6625 -3.25 270) (size 1.475 0.3) (layers F.Cu F.Paste F.Mask) (roundrect_rratio 0.25)
      (net 6 /2))
    (pad 3 smd roundrect (at -5.6625 -2.75 270) (size 1.475 0.3) (layers F.Cu F.Paste F.Mask) (roundrect_rratio 0.25)
      (net 7 /3))
    (pad 4 smd roundrect (at -5.6625 -2.25 270) (size 1.475 0.3) (layers F.Cu F.Paste F.Mask) (roundrect_rratio 0.25)
      (net 8 /4))
    (pad 5 smd roundrect (at -5.6625 -1.75 270) (size 1.475 0.3) (layers F.Cu F.Paste F.Mask) (roundrect_rratio 0.25)
      (net 9 /5))
    (pad 6 smd roundrect (at -5.6625 -1.25 270) (size 1.475 0.3) (layers F.Cu F.Paste F.Mask) (roundrect_rratio 0.25)
      (net 10 /6))
    (pad 7 smd roundrect (at -5.6625 -0.75 270) (size 1.475 0.3) (layers F.Cu F.Paste F.Mask) (roundrect_rratio 0.25)
      (net 2 /20))
    (pad 8 smd roundrect (at -5.6625 -0.25 270) (size 1.475 0.3) (layers F.Cu F.Paste F.Mask) (roundrect_rratio 0.25)
      (net 13 /10))
    (pad 9 smd roundrect (at -5.6625 0.25 270) (size 1.475 0.3) (layers F.Cu F.Paste F.Mask) (roundrect_rratio 0.25)
      (net 60 "Net-(R102-Pad2)"))
    (pad 10 smd roundrect (at -5.6625 0.75 270) (size 1.475 0.3) (layers F.Cu F.Paste F.Mask) (roundrect_rratio 0.25)
      (net 12 /8))
    (pad 11 smd roundrect (at -5.6625 1.25 270) (size 1.475 0.3) (layers F.Cu F.Paste F.Mask) (roundrect_rratio 0.25)
      (net 14 /11))
    (pad 12 smd roundrect (at -5.6625 1.75 270) (size 1.475 0.3) (layers F.Cu F.Paste F.Mask) (roundrect_rratio 0.25)
      (net 15 /12))
    (pad 13 smd roundrect (at -5.6625 2.25 270) (size 1.475 0.3) (layers F.Cu F.Paste F.Mask) (roundrect_rratio 0.25)
      (net 16 /13))
    (pad 14 smd roundrect (at -5.6625 2.75 270) (size 1.475 0.3) (layers F.Cu F.Paste F.Mask) (roundrect_rratio 0.25)
      (net 17 /14))
    (pad 15 smd roundrect (at -5.6625 3.25 270) (size 1.475 0.3) (layers F.Cu F.Paste F.Mask) (roundrect_rratio 0.25)
      (net 18 /15))
    (pad 16 smd roundrect (at -5.6625 3.75 270) (size 1.475 0.3) (layers F.Cu F.Paste F.Mask) (roundrect_rratio 0.25)
      (net 19 /16))
    (pad 17 smd roundrect (at -3.75 5.6625 270) (size 0.3 1.475) (layers F.Cu F.Paste F.Mask) (roundrect_rratio 0.25)
      (net 32 /17))
    (pad 18 smd roundrect (at -3.25 5.6625 270) (size 0.3 1.475) (layers F.Cu F.Paste F.Mask) (roundrect_rratio 0.25)
      (net 31 /18))
    (pad 19 smd roundrect (at -2.75 5.6625 270) (size 0.3 1.475) (layers F.Cu F.Paste F.Mask) (roundrect_rratio 0.25)
      (net 30 /19))
    (pad 20 smd roundrect (at -2.25 5.6625 270) (size 0.3 1.475) (layers F.Cu F.Paste F.Mask) (roundrect_rratio 0.25)
      (net 2 /20))
    (pad 21 smd roundrect (at -1.75 5.6625 270) (size 0.3 1.475) (layers F.Cu F.Paste F.Mask) (roundrect_rratio 0.25)
      (net 29 /21))
    (pad 22 smd roundrect (at -1.25 5.6625 270) (size 0.3 1.475) (layers F.Cu F.Paste F.Mask) (roundrect_rratio 0.25)
      (net 28 /22))
    (pad 23 smd roundrect (at -0.75 5.6625 270) (size 0.3 1.475) (layers F.Cu F.Paste F.Mask) (roundrect_rratio 0.25)
      (net 27 /23))
    (pad 24 smd roundrect (at -0.25 5.6625 270) (size 0.3 1.475) (layers F.Cu F.Paste F.Mask) (roundrect_rratio 0.25)
      (net 26 /24))
    (pad 25 smd roundrect (at 0.25 5.6625 270) (size 0.3 1.475) (layers F.Cu F.Paste F.Mask) (roundrect_rratio 0.25)
      (net 2 /20))
    (pad 26 smd roundrect (at 0.75 5.6625 270) (size 0.3 1.475) (layers F.Cu F.Paste F.Mask) (roundrect_rratio 0.25)
      (net 13 /10))
    (pad 27 smd roundrect (at 1.25 5.6625 270) (size 0.3 1.475) (layers F.Cu F.Paste F.Mask) (roundrect_rratio 0.25)
      (net 25 /27))
    (pad 28 smd roundrect (at 1.75 5.6625 270) (size 0.3 1.475) (layers F.Cu F.Paste F.Mask) (roundrect_rratio 0.25)
      (net 24 /28))
    (pad 29 smd roundrect (at 2.25 5.6625 270) (size 0.3 1.475) (layers F.Cu F.Paste F.Mask) (roundrect_rratio 0.25)
      (net 23 /29))
    (pad 30 smd roundrect (at 2.75 5.6625 270) (size 0.3 1.475) (layers F.Cu F.Paste F.Mask) (roundrect_rratio 0.25)
      (net 22 /30))
    (pad 31 smd roundrect (at 3.25 5.6625 270) (size 0.3 1.475) (layers F.Cu F.Paste F.Mask) (roundrect_rratio 0.25)
      (net 1 /39))
    (pad 32 smd roundrect (at 3.75 5.6625 270) (size 0.3 1.475) (layers F.Cu F.Paste F.Mask) (roundrect_rratio 0.25)
      (net 3 /40))
    (pad 33 smd roundrect (at 5.6625 3.75 270) (size 1.475 0.3) (layers F.Cu F.Paste F.Mask) (roundrect_rratio 0.25)
      (net 34 /34))
    (pad 34 smd roundrect (at 5.6625 3.25 270) (size 1.475 0.3) (layers F.Cu F.Paste F.Mask) (roundrect_rratio 0.25)
      (net 35 /35))
    (pad 35 smd roundrect (at 5.6625 2.75 270) (size 1.475 0.3) (layers F.Cu F.Paste F.Mask) (roundrect_rratio 0.25)
      (net 2 /20))
    (pad 36 smd roundrect (at 5.6625 2.25 270) (size 1.475 0.3) (layers F.Cu F.Paste F.Mask) (roundrect_rratio 0.25)
      (net 36 /36))
    (pad 37 smd roundrect (at 5.6625 1.75 270) (size 1.475 0.3) (layers F.Cu F.Paste F.Mask) (roundrect_rratio 0.25)
      (net 37 /37))
    (pad 38 smd roundrect (at 5.6625 1.25 270) (size 1.475 0.3) (layers F.Cu F.Paste F.Mask) (roundrect_rratio 0.25)
      (net 33 /33))
    (pad 39 smd roundrect (at 5.6625 0.75 270) (size 1.475 0.3) (layers F.Cu F.Paste F.Mask) (roundrect_rratio 0.25)
      (net 13 /10))
    (pad 40 smd roundrect (at 5.6625 0.25 270) (size 1.475 0.3) (layers F.Cu F.Paste F.Mask) (roundrect_rratio 0.25)
      (net 2 /20))
    (pad 41 smd roundrect (at 5.6625 -0.25 270) (size 1.475 0.3) (layers F.Cu F.Paste F.Mask) (roundrect_rratio 0.25)
      (net 21 /31))
    (pad 42 smd roundrect (at 5.6625 -0.75 270) (size 1.475 0.3) (layers F.Cu F.Paste F.Mask) (roundrect_rratio 0.25)
      (net 20 /32))
    (pad 43 smd roundrect (at 5.6625 -1.25 270) (size 1.475 0.3) (layers F.Cu F.Paste F.Mask) (roundrect_rratio 0.25)
      (net 39 /43))
    (pad 44 smd roundrect (at 5.6625 -1.75 270) (size 1.475 0.3) (layers F.Cu F.Paste F.Mask) (roundrect_rratio 0.25)
      (net 40 /44))
    (pad 45 smd roundrect (at 5.6625 -2.25 270) (size 1.475 0.3) (layers F.Cu F.Paste F.Mask) (roundrect_rratio 0.25)
      (net 41 /45))
    (pad 46 smd roundrect (at 5.6625 -2.75 270) (size 1.475 0.3) (layers F.Cu F.Paste F.Mask) (roundrect_rratio 0.25)
      (net 42 /46))
    (pad 47 smd roundrect (at 5.6625 -3.25 270) (size 1.475 0.3) (layers F.Cu F.Paste F.Mask) (roundrect_rratio 0.25)
      (net 43 /47))
    (pad 48 smd roundrect (at 5.6625 -3.75 270) (size 1.475 0.3) (layers F.Cu F.Paste F.Mask) (roundrect_rratio 0.25)
      (net 44 /48))
    (pad 49 smd roundrect (at 3.75 -5.6625 270) (size 0.3 1.475) (layers F.Cu F.Paste F.Mask) (roundrect_rratio 0.25)
      (net 59 /49))
    (pad 50 smd roundrect (at 3.25 -5.6625 270) (size 0.3 1.475) (layers F.Cu F.Paste F.Mask) (roundrect_rratio 0.25)
      (net 58 /50))
    (pad 51 smd roundrect (at 2.75 -5.6625 270) (size 0.3 1.475) (layers F.Cu F.Paste F.Mask) (roundrect_rratio 0.25)
      (net 57 /51))
    (pad 52 smd roundrect (at 2.25 -5.6625 270) (size 0.3 1.475) (layers F.Cu F.Paste F.Mask) (roundrect_rratio 0.25)
      (net 56 /52))
    (pad 53 smd roundrect (at 1.75 -5.6625 270) (size 0.3 1.475) (layers F.Cu F.Paste F.Mask) (roundrect_rratio 0.25)
      (net 55 /53))
    (pad 54 smd roundrect (at 1.25 -5.6625 270) (size 0.3 1.475) (layers F.Cu F.Paste F.Mask) (roundrect_rratio 0.25)
      (net 13 /10))
    (pad 55 smd roundrect (at 0.75 -5.6625 270) (size 0.3 1.475) (layers F.Cu F.Paste F.Mask) (roundrect_rratio 0.25)
      (net 2 /20))
    (pad 56 smd roundrect (at 0.25 -5.6625 270) (size 0.3 1.475) (layers F.Cu F.Paste F.Mask) (roundrect_rratio 0.25)
      (net 51 /58))
    (pad 57 smd roundrect (at -0.25 -5.6625 270) (size 0.3 1.475) (layers F.Cu F.Paste F.Mask) (roundrect_rratio 0.25)
      (net 50 /59))
    (pad 58 smd roundrect (at -0.75 -5.6625 270) (size 0.3 1.475) (layers F.Cu F.Paste F.Mask) (roundrect_rratio 0.25)
      (net 49 /60))
    (pad 59 smd roundrect (at -1.25 -5.6625 270) (size 0.3 1.475) (layers F.Cu F.Paste F.Mask) (roundrect_rratio 0.25)
      (net 2 /20))
    (pad 60 smd roundrect (at -1.75 -5.6625 270) (size 0.3 1.475) (layers F.Cu F.Paste F.Mask) (roundrect_rratio 0.25)
      (net 13 /10))
    (pad 61 smd roundrect (at -2.25 -5.6625 270) (size 0.3 1.475) (layers F.Cu F.Paste F.Mask) (roundrect_rratio 0.25)
      (net 48 /61))
    (pad 62 smd roundrect (at -2.75 -5.6625 270) (size 0.3 1.475) (layers F.Cu F.Paste F.Mask) (roundrect_rratio 0.25)
      (net 47 /62))
    (pad 63 smd roundrect (at -3.25 -5.6625 270) (size 0.3 1.475) (layers F.Cu F.Paste F.Mask) (roundrect_rratio 0.25)
      (net 46 /63))
    (pad 64 smd roundrect (at -3.75 -5.6625 270) (size 0.3 1.475) (layers F.Cu F.Paste F.Mask) (roundrect_rratio 0.25)
      (net 45 /64))
    (model ${KISYS3DMOD}/Package_QFP.3dshapes/TQFP-64_10x10mm_P0.5mm.wrl
      (at (xyz 0 0 0))
      (scale (xyz 1 1 1))
      (rotate (xyz 0 0 0))
    )
  )

  (module f4deb-mod-library:QTZ (layer B.Cu) (tedit 5A4D3C35) (tstamp 5D85A391)
    (at 189.357 134.366 270)
    (path /5D280498)
    (fp_text reference Y101 (at 0.0508 3.5814 270) (layer B.SilkS)
      (effects (font (size 1.27 1.27) (thickness 0.2032)) (justify mirror))
    )
    (fp_text value 8Mhz (at -0.2032 -4.4958 270) (layer B.SilkS)
      (effects (font (size 1.27 1.27) (thickness 0.2032)) (justify mirror))
    )
    (fp_line (start -6.35 2.54) (end 6.35 2.54) (layer B.SilkS) (width 0.3048))
    (fp_line (start 6.35 2.54) (end 6.35 -2.54) (layer B.SilkS) (width 0.3048))
    (fp_line (start 6.35 -2.54) (end -6.35 -2.54) (layer B.SilkS) (width 0.3048))
    (fp_line (start -6.35 -2.54) (end -6.35 2.54) (layer B.SilkS) (width 0.3048))
    (pad 1 smd rect (at -2.54 2.54 270) (size 2.54 2.54) (layers B.Cu B.Paste B.Mask)
      (net 1 /39))
    (pad 2 smd rect (at 2.54 2.54 270) (size 2.54 2.54) (layers B.Cu B.Paste B.Mask)
      (net 3 /40))
    (pad 2 smd rect (at 2.54 -2.54 270) (size 2.54 2.54) (layers B.Cu B.Paste B.Mask)
      (net 3 /40))
    (pad 1 smd rect (at -2.54 -2.54 270) (size 2.54 2.54) (layers B.Cu B.Paste B.Mask)
      (net 1 /39))
    (model f4deb.3dshapes/Quartz-cms.wrl
      (at (xyz 0 0 0))
      (scale (xyz 1 1 1))
      (rotate (xyz 0 0 0))
    )
  )

  (module Resistor_SMD:R_0603_1608Metric (layer B.Cu) (tedit 5B301BBD) (tstamp 5D85A3A1)
    (at 192.6845 110.236)
    (descr "Resistor SMD 0603 (1608 Metric), square (rectangular) end terminal, IPC_7351 nominal, (Body size source: http://www.tortai-tech.com/upload/download/2011102023233369053.pdf), generated with kicad-footprint-generator")
    (tags resistor)
    (path /5D20C410)
    (attr smd)
    (fp_text reference R102 (at 0 1.43) (layer B.SilkS)
      (effects (font (size 1 1) (thickness 0.15)) (justify mirror))
    )
    (fp_text value 470 (at 0 -1.43) (layer B.Fab)
      (effects (font (size 1 1) (thickness 0.15)) (justify mirror))
    )
    (fp_line (start -0.8 -0.4) (end -0.8 0.4) (layer B.Fab) (width 0.1))
    (fp_line (start -0.8 0.4) (end 0.8 0.4) (layer B.Fab) (width 0.1))
    (fp_line (start 0.8 0.4) (end 0.8 -0.4) (layer B.Fab) (width 0.1))
    (fp_line (start 0.8 -0.4) (end -0.8 -0.4) (layer B.Fab) (width 0.1))
    (fp_line (start -0.162779 0.51) (end 0.162779 0.51) (layer B.SilkS) (width 0.12))
    (fp_line (start -0.162779 -0.51) (end 0.162779 -0.51) (layer B.SilkS) (width 0.12))
    (fp_line (start -1.48 -0.73) (end -1.48 0.73) (layer B.CrtYd) (width 0.05))
    (fp_line (start -1.48 0.73) (end 1.48 0.73) (layer B.CrtYd) (width 0.05))
    (fp_line (start 1.48 0.73) (end 1.48 -0.73) (layer B.CrtYd) (width 0.05))
    (fp_line (start 1.48 -0.73) (end -1.48 -0.73) (layer B.CrtYd) (width 0.05))
    (fp_text user %R (at 0 0) (layer B.Fab)
      (effects (font (size 0.4 0.4) (thickness 0.06)) (justify mirror))
    )
