(kicad_pcb (version 20171130) (host pcbnew 5.0.2+dfsg1-1~bpo9+1)

  (general
    (thickness 1.6)
    (drawings 86)
    (tracks 3261)
    (zones 0)
    (modules 414)
    (nets 96)
  )

  (page A4)
  (title_block
    (title 8_IO_BUTTON_BOARD)
    (date 2019-03-06)
    (rev v1.0)
    (company "Mathias DELAHAYE")
  )

  (layers
    (0 F.Cu signal)
    (31 B.Cu signal)
    (32 B.Adhes user)
    (33 F.Adhes user)
    (34 B.Paste user)
    (35 F.Paste user)
    (36 B.SilkS user)
    (37 F.SilkS user)
    (38 B.Mask user)
    (39 F.Mask user)
    (40 Dwgs.User user)
    (41 Cmts.User user)
    (42 Eco1.User user)
    (43 Eco2.User user)
    (44 Edge.Cuts user)
    (45 Margin user)
    (46 B.CrtYd user)
    (47 F.CrtYd user)
    (48 B.Fab user)
    (49 F.Fab user)
  )

  (setup
    (last_trace_width 0.25)
    (user_trace_width 0.3)
    (user_trace_width 0.5)
    (user_trace_width 0.7)
    (user_trace_width 0.9)
    (user_trace_width 1.2)
    (user_trace_width 1.5)
    (user_trace_width 1.8)
    (trace_clearance 0.1524)
    (zone_clearance 0.508)
    (zone_45_only no)
    (trace_min 0.2)
    (segment_width 0.2)
    (edge_width 0.15)
    (via_size 0.6)
    (via_drill 0.4)
    (via_min_size 0.4)
    (via_min_drill 0.3)
    (user_via 0.8 0.6)
    (user_via 1 0.8)
    (user_via 1.2 1)
    (user_via 1.4 1.2)
    (uvia_size 0.3)
    (uvia_drill 0.1)
    (uvias_allowed no)
    (uvia_min_size 0.2)
    (uvia_min_drill 0.1)
    (pcb_text_width 0.3)
    (pcb_text_size 1.5 1.5)
    (mod_edge_width 0.1)
    (mod_text_size 0.7 0.7)
    (mod_text_width 0.1)
    (pad_size 9 9)
    (pad_drill 4)
    (pad_to_mask_clearance 0.2)
    (solder_mask_min_width 0.25)
    (aux_axis_origin 103 94)
    (grid_origin 104.775 104.775)
    (visible_elements FFFFD7F9)
    (pcbplotparams
      (layerselection 0x010f0_ffffffff)
      (usegerberextensions true)
      (usegerberattributes false)
      (usegerberadvancedattributes false)
      (creategerberjobfile false)
      (excludeedgelayer true)
      (linewidth 0.100000)
      (plotframeref false)
      (viasonmask false)
      (mode 1)
      (useauxorigin false)
      (hpglpennumber 1)
      (hpglpenspeed 20)
      (hpglpendiameter 15.000000)
      (psnegative false)
      (psa4output false)
      (plotreference true)
      (plotvalue true)
      (plotinvisibletext false)
      (padsonsilk false)
      (subtractmaskfromsilk false)
      (outputformat 1)
      (mirror false)
      (drillshape 0)
      (scaleselection 1)
      (outputdirectory "./"))
  )

  (net 0 "")
  (net 1 GND)
  (net 2 VCC)
  (net 3 /OUT_0)
  (net 4 /OUT_1)
  (net 5 /OUT_2)
  (net 6 /OUT_3)
  (net 7 /OUT_4)
  (net 8 /OUT_5)
  (net 9 /OUT_6)
  (net 10 /OUT_7)
  (net 11 /ACTIVE_OUTPUT)
  (net 12 /PULL_LANE)
  (net 13 /REF_XOR)
  (net 14 /SDA)
  (net 15 /SCL)
  (net 16 /IN_0)
  (net 17 /IN_1)
  (net 18 /IN_2)
  (net 19 /IN_3)
  (net 20 /IN_4)
  (net 21 /IN_5)
  (net 22 /IN_6)
  (net 23 /IN_7)
  (net 24 /CONTACT_LANE)
  (net 25 /OUTPUT_VCC)
  (net 26 /INPUT_LED_GND)
  (net 27 /REVERSE_PULL)
  (net 28 "Net-(D101-Pad2)")
  (net 29 "Net-(D102-Pad2)")
  (net 30 "Net-(D103-Pad2)")
  (net 31 "Net-(D104-Pad2)")
  (net 32 "Net-(D105-Pad2)")
  (net 33 "Net-(D106-Pad2)")
  (net 34 "Net-(D107-Pad2)")
  (net 35 "Net-(D108-Pad2)")
  (net 36 "Net-(D109-Pad2)")
  (net 37 "Net-(D110-Pad2)")
  (net 38 "Net-(D111-Pad2)")
  (net 39 "Net-(D112-Pad2)")
  (net 40 "Net-(Q101-Pad1)")
  (net 41 "Net-(Q101-Pad3)")
  (net 42 "Net-(Q102-Pad1)")
  (net 43 "Net-(Q103-Pad1)")
  (net 44 "Net-(Q104-Pad3)")
  (net 45 "Net-(Q104-Pad1)")
  (net 46 "Net-(Q105-Pad3)")
  (net 47 "Net-(Q105-Pad1)")
  (net 48 "Net-(Q106-Pad1)")
  (net 49 "Net-(Q107-Pad1)")
  (net 50 "Net-(Q108-Pad1)")
  (net 51 "Net-(Q109-Pad1)")
  (net 52 "Net-(Q110-Pad1)")
  (net 53 "Net-(Q111-Pad1)")
  (net 54 "Net-(Q112-Pad1)")
  (net 55 "Net-(Q113-Pad1)")
  (net 56 "Net-(Q114-Pad1)")
  (net 57 "Net-(Q115-Pad1)")
  (net 58 "Net-(Q116-Pad1)")
  (net 59 "Net-(Q117-Pad1)")
  (net 60 "Net-(R118-Pad2)")
  (net 61 "Net-(R120-Pad2)")
  (net 62 "Net-(R121-Pad1)")
  (net 63 "Net-(R138-Pad1)")
  (net 64 "Net-(R139-Pad1)")
  (net 65 "Net-(R140-Pad1)")
  (net 66 "Net-(R141-Pad1)")
  (net 67 "Net-(R142-Pad1)")
  (net 68 "Net-(R143-Pad1)")
  (net 69 "Net-(R144-Pad1)")
  (net 70 "Net-(R145-Pad1)")
  (net 71 "Net-(R154-Pad1)")
  (net 72 "Net-(R155-Pad1)")
  (net 73 "Net-(R156-Pad1)")
  (net 74 "Net-(R157-Pad1)")
  (net 75 "Net-(R158-Pad1)")
  (net 76 "Net-(R159-Pad1)")
  (net 77 "Net-(R160-Pad1)")
  (net 78 "Net-(R161-Pad1)")
  (net 79 "Net-(D113-Pad2)")
  (net 80 "Net-(D114-Pad2)")
  (net 81 "Net-(D115-Pad2)")
  (net 82 "Net-(D116-Pad2)")
  (net 83 "Net-(D117-Pad2)")
  (net 84 "Net-(D118-Pad2)")
  (net 85 "Net-(D119-Pad2)")
  (net 86 "Net-(D120-Pad2)")
  (net 87 "Net-(R122-Pad1)")
  (net 88 "Net-(R123-Pad1)")
  (net 89 "Net-(R124-Pad1)")
  (net 90 "Net-(R125-Pad1)")
  (net 91 "Net-(R126-Pad1)")
  (net 92 "Net-(R127-Pad1)")
  (net 93 "Net-(R128-Pad1)")
  (net 94 "Net-(R129-Pad1)")
  (net 95 "Net-(R119-Pad2)")

  (net_class Default "This is the default net class."
    (clearance 0.1524)
    (trace_width 0.25)
    (via_dia 0.6)
    (via_drill 0.4)
    (uvia_dia 0.3)
    (uvia_drill 0.1)
    (add_net /ACTIVE_OUTPUT)
    (add_net /CONTACT_LANE)
    (add_net /INPUT_LED_GND)
    (add_net /IN_0)
    (add_net /IN_1)
    (add_net /IN_2)
    (add_net /IN_3)
    (add_net /IN_4)
    (add_net /IN_5)
    (add_net /IN_6)
    (add_net /IN_7)
    (add_net /OUTPUT_VCC)
    (add_net /OUT_0)
    (add_net /OUT_1)
    (add_net /OUT_2)
    (add_net /OUT_3)
    (add_net /OUT_4)
    (add_net /OUT_5)
    (add_net /OUT_6)
    (add_net /OUT_7)
    (add_net /PULL_LANE)
    (add_net /REF_XOR)
    (add_net /REVERSE_PULL)
    (add_net /SCL)
    (add_net /SDA)
    (add_net GND)
    (add_net "Net-(D101-Pad2)")
    (add_net "Net-(D102-Pad2)")
    (add_net "Net-(D103-Pad2)")
    (add_net "Net-(D104-Pad2)")
    (add_net "Net-(D105-Pad2)")
    (add_net "Net-(D106-Pad2)")
    (add_net "Net-(D107-Pad2)")
    (add_net "Net-(D108-Pad2)")
    (add_net "Net-(D109-Pad2)")
    (add_net "Net-(D110-Pad2)")
    (add_net "Net-(D111-Pad2)")
    (add_net "Net-(D112-Pad2)")
    (add_net "Net-(D113-Pad2)")
    (add_net "Net-(D114-Pad2)")
    (add_net "Net-(D115-Pad2)")
    (add_net "Net-(D116-Pad2)")
    (add_net "Net-(D117-Pad2)")
    (add_net "Net-(D118-Pad2)")
    (add_net "Net-(D119-Pad2)")
    (add_net "Net-(D120-Pad2)")
    (add_net "Net-(Q101-Pad1)")
    (add_net "Net-(Q101-Pad3)")
    (add_net "Net-(Q102-Pad1)")
    (add_net "Net-(Q103-Pad1)")
    (add_net "Net-(Q104-Pad1)")
    (add_net "Net-(Q104-Pad3)")
    (add_net "Net-(Q105-Pad1)")
    (add_net "Net-(Q105-Pad3)")
    (add_net "Net-(Q106-Pad1)")
    (add_net "Net-(Q107-Pad1)")
    (add_net "Net-(Q108-Pad1)")
    (add_net "Net-(Q109-Pad1)")
    (add_net "Net-(Q110-Pad1)")
    (add_net "Net-(Q111-Pad1)")
    (add_net "Net-(Q112-Pad1)")
    (add_net "Net-(Q113-Pad1)")
    (add_net "Net-(Q114-Pad1)")
    (add_net "Net-(Q115-Pad1)")
    (add_net "Net-(Q116-Pad1)")
    (add_net "Net-(Q117-Pad1)")
    (add_net "Net-(R118-Pad2)")
    (add_net "Net-(R119-Pad2)")
    (add_net "Net-(R120-Pad2)")
    (add_net "Net-(R121-Pad1)")
    (add_net "Net-(R122-Pad1)")
    (add_net "Net-(R123-Pad1)")
    (add_net "Net-(R124-Pad1)")
    (add_net "Net-(R125-Pad1)")
    (add_net "Net-(R126-Pad1)")
    (add_net "Net-(R127-Pad1)")
    (add_net "Net-(R128-Pad1)")
    (add_net "Net-(R129-Pad1)")
    (add_net "Net-(R138-Pad1)")
    (add_net "Net-(R139-Pad1)")
    (add_net "Net-(R140-Pad1)")
    (add_net "Net-(R141-Pad1)")
    (add_net "Net-(R142-Pad1)")
    (add_net "Net-(R143-Pad1)")
    (add_net "Net-(R144-Pad1)")
    (add_net "Net-(R145-Pad1)")
    (add_net "Net-(R154-Pad1)")
    (add_net "Net-(R155-Pad1)")
    (add_net "Net-(R156-Pad1)")
    (add_net "Net-(R157-Pad1)")
    (add_net "Net-(R158-Pad1)")
    (add_net "Net-(R159-Pad1)")
    (add_net "Net-(R160-Pad1)")
    (add_net "Net-(R161-Pad1)")
    (add_net VCC)
  )

  (module Resistor_SMD:R_0603_1608Metric (layer B.Cu) (tedit 5D3F79B2) (tstamp 5D424FF2)
    (at 190.5 136.4235 270)
    (descr "Resistor SMD 0603 (1608 Metric), square (rectangular) end terminal, IPC_7351 nominal, (Body size source: http://www.tortai-tech.com/upload/download/2011102023233369053.pdf), generated with kicad-footprint-generator")
    (tags resistor)
    (path /5C4BFE13)
    (attr smd)
    (fp_text reference R107 (at 2.7685 0 270) (layer B.SilkS)
      (effects (font (size 0.7 0.7) (thickness 0.1)) (justify mirror))
    )
    (fp_text value 10k (at 0 -1.43 270) (layer B.Fab)
      (effects (font (size 1 1) (thickness 0.15)) (justify mirror))
    )
    (fp_text user %R (at 0 0 270) (layer B.Fab)
      (effects (font (size 0.4 0.4) (thickness 0.06)) (justify mirror))
    )
    (fp_line (start 1.48 -0.73) (end -1.48 -0.73) (layer B.CrtYd) (width 0.05))
    (fp_line (start 1.48 0.73) (end 1.48 -0.73) (layer B.CrtYd) (width 0.05))
    (fp_line (start -1.48 0.73) (end 1.48 0.73) (layer B.CrtYd) (width 0.05))
    (fp_line (start -1.48 -0.73) (end -1.48 0.73) (layer B.CrtYd) (width 0.05))
    (fp_line (start -0.162779 -0.51) (end 0.162779 -0.51) (layer B.SilkS) (width 0.12))
    (fp_line (start -0.162779 0.51) (end 0.162779 0.51) (layer B.SilkS) (width 0.12))
    (fp_line (start 0.8 -0.4) (end -0.8 -0.4) (layer B.Fab) (width 0.1))
    (fp_line (start 0.8 0.4) (end 0.8 -0.4) (layer B.Fab) (width 0.1))
    (fp_line (start -0.8 0.4) (end 0.8 0.4) (layer B.Fab) (width 0.1))
    (fp_line (start -0.8 -0.4) (end -0.8 0.4) (layer B.Fab) (width 0.1))
    (pad 2 smd roundrect (at 0.7875 0 270) (size 0.875 0.95) (layers B.Cu B.Paste B.Mask) (roundrect_rratio 0.25)
      (net 42 "Net-(Q102-Pad1)"))
    (pad 1 smd roundrect (at -0.7875 0 270) (size 0.875 0.95) (layers B.Cu B.Paste B.Mask) (roundrect_rratio 0.25)
      (net 27 /REVERSE_PULL))
    (model ${KISYS3DMOD}/Resistor_SMD.3dshapes/R_0603_1608Metric.wrl
      (at (xyz 0 0 0))
      (scale (xyz 1 1 1))
      (rotate (xyz 0 0 0))
    )
  )

  (module LED_SMD:LED_0805_2012Metric (layer F.Cu) (tedit 5D40B72D) (tstamp 5D424FDB)
    (at 138.176 131.699 90)
    (descr "LED SMD 0805 (2012 Metric), square (rectangular) end terminal, IPC_7351 nominal, (Body size source: https://docs.google.com/spreadsheets/d/1BsfQQcO9C6DZCsRaXUlFlo91Tg2WpOkGARC1WS5S8t0/edit?usp=sharing), generated with kicad-footprint-generator")
    (tags diode)
    (path /5C523F5A)
    (attr smd)
    (fp_text reference D106 (at 0 -1.65 90 unlocked) (layer F.SilkS) hide
      (effects (font (size 1 1) (thickness 0.15)))
    )
    (fp_text value IN_1 (at 0 1.65 90) (layer F.Fab)
      (effects (font (size 1 1) (thickness 0.15)))
    )
    (fp_text user %R (at 0 0 90) (layer F.Fab)
      (effects (font (size 0.5 0.5) (thickness 0.08)))
    )
    (fp_line (start 1.68 0.95) (end -1.68 0.95) (layer F.CrtYd) (width 0.05))
    (fp_line (start 1.68 -0.95) (end 1.68 0.95) (layer F.CrtYd) (width 0.05))
    (fp_line (start -1.68 -0.95) (end 1.68 -0.95) (layer F.CrtYd) (width 0.05))
    (fp_line (start -1.68 0.95) (end -1.68 -0.95) (layer F.CrtYd) (width 0.05))
    (fp_line (start -1.685 0.96) (end 1 0.96) (layer F.SilkS) (width 0.12))
    (fp_line (start -1.685 -0.96) (end -1.685 0.96) (layer F.SilkS) (width 0.12))
    (fp_line (start 1 -0.96) (end -1.685 -0.96) (layer F.SilkS) (width 0.12))
    (fp_line (start 1 0.6) (end 1 -0.6) (layer F.Fab) (width 0.1))
    (fp_line (start -1 0.6) (end 1 0.6) (layer F.Fab) (width 0.1))
    (fp_line (start -1 -0.3) (end -1 0.6) (layer F.Fab) (width 0.1))
    (fp_line (start -0.7 -0.6) (end -1 -0.3) (layer F.Fab) (width 0.1))
    (fp_line (start 1 -0.6) (end -0.7 -0.6) (layer F.Fab) (width 0.1))
    (pad 2 smd roundrect (at 0.9375 0 90) (size 0.975 1.4) (layers F.Cu F.Paste F.Mask) (roundrect_rratio 0.25)
      (net 33 "Net-(D106-Pad2)"))
    (pad 1 smd roundrect (at -0.9375 0 90) (size 0.975 1.4) (layers F.Cu F.Paste F.Mask) (roundrect_rratio 0.25)
      (net 26 /INPUT_LED_GND))
    (model ${KISYS3DMOD}/LED_SMD.3dshapes/LED_0805_2012Metric.wrl
      (at (xyz 0 0 0))
      (scale (xyz 1 1 1))
      (rotate (xyz 0 0 0))
    )
  )

  (module Resistor_SMD:R_0603_1608Metric (layer B.Cu) (tedit 5D3F7AFD) (tstamp 5D424FBB)
    (at 172.847 141.224 90)
    (descr "Resistor SMD 0603 (1608 Metric), square (rectangular) end terminal, IPC_7351 nominal, (Body size source: http://www.tortai-tech.com/upload/download/2011102023233369053.pdf), generated with kicad-footprint-generator")
    (tags resistor)
    (path /5C66C353)
    (attr smd)
    (fp_text reference R136 (at 2.921 0 90) (layer B.SilkS)
      (effects (font (size 0.7 0.7) (thickness 0.1)) (justify mirror))
    )
    (fp_text value 1k (at 0 -1.43 90) (layer B.Fab)
      (effects (font (size 1 1) (thickness 0.15)) (justify mirror))
    )
    (fp_line (start -0.8 -0.4) (end -0.8 0.4) (layer B.Fab) (width 0.1))
    (fp_line (start -0.8 0.4) (end 0.8 0.4) (layer B.Fab) (width 0.1))
    (fp_line (start 0.8 0.4) (end 0.8 -0.4) (layer B.Fab) (width 0.1))
    (fp_line (start 0.8 -0.4) (end -0.8 -0.4) (layer B.Fab) (width 0.1))
    (fp_line (start -0.162779 0.51) (end 0.162779 0.51) (layer B.SilkS) (width 0.12))
    (fp_line (start -0.162779 -0.51) (end 0.162779 -0.51) (layer B.SilkS) (width 0.12))
    (fp_line (start -1.48 -0.73) (end -1.48 0.73) (layer B.CrtYd) (width 0.05))
    (fp_line (start -1.48 0.73) (end 1.48 0.73) (layer B.CrtYd) (width 0.05))
    (fp_line (start 1.48 0.73) (end 1.48 -0.73) (layer B.CrtYd) (width 0.05))
    (fp_line (start 1.48 -0.73) (end -1.48 -0.73) (layer B.CrtYd) (width 0.05))
    (fp_text user %R (at 0 0 90) (layer B.Fab)
      (effects (font (size 0.4 0.4) (thickness 0.06)) (justify mirror))
    )
    (pad 1 smd roundrect (at -0.7875 0 90) (size 0.875 0.95) (layers B.Cu B.Paste B.Mask) (roundrect_rratio 0.25)
      (net 9 /OUT_6))
    (pad 2 smd roundrect (at 0.7875 0 90) (size 0.875 0.95) (layers B.Cu B.Paste B.Mask) (roundrect_rratio 0.25)
      (net 85 "Net-(D119-Pad2)"))
    (model ${KISYS3DMOD}/Resistor_SMD.3dshapes/R_0603_1608Metric.wrl
      (at (xyz 0 0 0))
      (scale (xyz 1 1 1))
      (rotate (xyz 0 0 0))
    )
  )

  (module Button_Switch_SMD:SW_SPST_CK_RS282G05A3 (layer F.Cu) (tedit 5A7A67D2) (tstamp 5D424F8A)
    (at 162.179 133.096 90)
    (descr https://www.mouser.com/ds/2/60/RS-282G05A-SM_RT-1159762.pdf)
    (tags "SPST button tactile switch")
    (path /5C8217F3)
    (attr smd)
    (fp_text reference SW106 (at 0 1.016 90) (layer F.SilkS)
      (effects (font (size 1 1) (thickness 0.15)))
    )
    (fp_text value SW_Push (at 0 3 90) (layer F.Fab)
      (effects (font (size 1 1) (thickness 0.15)))
    )
    (fp_line (start -4.9 2.05) (end -4.9 -2.05) (layer F.CrtYd) (width 0.05))
    (fp_line (start 4.9 2.05) (end -4.9 2.05) (layer F.CrtYd) (width 0.05))
    (fp_line (start 4.9 -2.05) (end 4.9 2.05) (layer F.CrtYd) (width 0.05))
    (fp_line (start -4.9 -2.05) (end 4.9 -2.05) (layer F.CrtYd) (width 0.05))
    (fp_text user %R (at 0 -2.6 90) (layer F.Fab)
      (effects (font (size 1 1) (thickness 0.15)))
    )
    (fp_line (start -1.75 -1) (end 1.75 -1) (layer F.Fab) (width 0.1))
    (fp_line (start 1.75 -1) (end 1.75 1) (layer F.Fab) (width 0.1))
    (fp_line (start 1.75 1) (end -1.75 1) (layer F.Fab) (width 0.1))
    (fp_line (start -1.75 1) (end -1.75 -1) (layer F.Fab) (width 0.1))
    (fp_line (start -3.06 -1.85) (end 3.06 -1.85) (layer F.SilkS) (width 0.12))
    (fp_line (start 3.06 -1.85) (end 3.06 1.85) (layer F.SilkS) (width 0.12))
    (fp_line (start 3.06 1.85) (end -3.06 1.85) (layer F.SilkS) (width 0.12))
    (fp_line (start -3.06 1.85) (end -3.06 -1.85) (layer F.SilkS) (width 0.12))
    (fp_line (start -1.5 0.8) (end 1.5 0.8) (layer F.Fab) (width 0.1))
    (fp_line (start -1.5 -0.8) (end 1.5 -0.8) (layer F.Fab) (width 0.1))
    (fp_line (start 1.5 -0.8) (end 1.5 0.8) (layer F.Fab) (width 0.1))
    (fp_line (start -1.5 -0.8) (end -1.5 0.8) (layer F.Fab) (width 0.1))
    (fp_line (start -3 1.8) (end 3 1.8) (layer F.Fab) (width 0.1))
    (fp_line (start -3 -1.8) (end 3 -1.8) (layer F.Fab) (width 0.1))
    (fp_line (start -3 -1.8) (end -3 1.8) (layer F.Fab) (width 0.1))
    (fp_line (start 3 -1.8) (end 3 1.8) (layer F.Fab) (width 0.1))
    (pad 1 smd rect (at -3.9 0 90) (size 1.5 1.5) (layers F.Cu F.Paste F.Mask)
      (net 75 "Net-(R158-Pad1)"))
    (pad 2 smd rect (at 3.9 0 90) (size 1.5 1.5) (layers F.Cu F.Paste F.Mask)
      (net 24 /CONTACT_LANE))
    (model ${KISYS3DMOD}/Button_Switch_SMD.3dshapes/SW_SPST_CK_RS282G05A3.wrl
      (at (xyz 0 0 0))
      (scale (xyz 1 1 1))
      (rotate (xyz 0 0 0))
    )
  )

  (module Resistor_SMD:R_0603_1608Metric (layer F.Cu) (tedit 5D3F72F4) (tstamp 5D424F79)
    (at 186.7408 145.6944 180)
    (descr "Resistor SMD 0603 (1608 Metric), square (rectangular) end terminal, IPC_7351 nominal, (Body size source: http://www.tortai-tech.com/upload/download/2011102023233369053.pdf), generated with kicad-footprint-generator")
    (tags resistor)
    (path /5C4C016C)
    (attr smd)
    (fp_text reference R116 (at 0.0508 2.1844 180) (layer F.SilkS)
      (effects (font (size 0.7 0.7) (thickness 0.1)))
    )
    (fp_text value 10k (at 0 1.43 180) (layer F.Fab)
      (effects (font (size 1 1) (thickness 0.15)))
    )
    (fp_text user %R (at 0 0 180) (layer F.Fab)
      (effects (font (size 0.4 0.4) (thickness 0.06)))
    )
    (fp_line (start 1.48 0.73) (end -1.48 0.73) (layer F.CrtYd) (width 0.05))
    (fp_line (start 1.48 -0.73) (end 1.48 0.73) (layer F.CrtYd) (width 0.05))
    (fp_line (start -1.48 -0.73) (end 1.48 -0.73) (layer F.CrtYd) (width 0.05))
    (fp_line (start -1.48 0.73) (end -1.48 -0.73) (layer F.CrtYd) (width 0.05))
    (fp_line (start -0.162779 0.51) (end 0.162779 0.51) (layer F.SilkS) (width 0.12))
    (fp_line (start -0.162779 -0.51) (end 0.162779 -0.51) (layer F.SilkS) (width 0.12))
    (fp_line (start 0.8 0.4) (end -0.8 0.4) (layer F.Fab) (width 0.1))
    (fp_line (start 0.8 -0.4) (end 0.8 0.4) (layer F.Fab) (width 0.1))
    (fp_line (start -0.8 -0.4) (end 0.8 -0.4) (layer F.Fab) (width 0.1))
    (fp_line (start -0.8 0.4) (end -0.8 -0.4) (layer F.Fab) (width 0.1))
    (pad 2 smd roundrect (at 0.7875 0 180) (size 0.875 0.95) (layers F.Cu F.Paste F.Mask) (roundrect_rratio 0.25)
      (net 41 "Net-(Q101-Pad3)"))
    (pad 1 smd roundrect (at -0.7875 0 180) (size 0.875 0.95) (layers F.Cu F.Paste F.Mask) (roundrect_rratio 0.25)
      (net 48 "Net-(Q106-Pad1)"))
    (model ${KISYS3DMOD}/Resistor_SMD.3dshapes/R_0603_1608Metric.wrl
      (at (xyz 0 0 0))
      (scale (xyz 1 1 1))
      (rotate (xyz 0 0 0))
    )
  )

  (module Resistor_SMD:R_0603_1608Metric (layer B.Cu) (tedit 5D3F78AC) (tstamp 5D424F69)
    (at 144.3735 130.937)
    (descr "Resistor SMD 0603 (1608 Metric), square (rectangular) end terminal, IPC_7351 nominal, (Body size source: http://www.tortai-tech.com/upload/download/2011102023233369053.pdf), generated with kicad-footprint-generator")
    (tags resistor)
    (path /5C5240CC)
    (attr smd)
    (fp_text reference R124 (at 0 1.43) (layer B.SilkS)
      (effects (font (size 0.7 0.7) (thickness 0.1)) (justify mirror))
    )
    (fp_text value 1k (at 0 -1.43) (layer B.Fab)
      (effects (font (size 1 1) (thickness 0.15)) (justify mirror))
    )
    (fp_line (start -0.8 -0.4) (end -0.8 0.4) (layer B.Fab) (width 0.1))
    (fp_line (start -0.8 0.4) (end 0.8 0.4) (layer B.Fab) (width 0.1))
    (fp_line (start 0.8 0.4) (end 0.8 -0.4) (layer B.Fab) (width 0.1))
    (fp_line (start 0.8 -0.4) (end -0.8 -0.4) (layer B.Fab) (width 0.1))
    (fp_line (start -0.162779 0.51) (end 0.162779 0.51) (layer B.SilkS) (width 0.12))
    (fp_line (start -0.162779 -0.51) (end 0.162779 -0.51) (layer B.SilkS) (width 0.12))
    (fp_line (start -1.48 -0.73) (end -1.48 0.73) (layer B.CrtYd) (width 0.05))
    (fp_line (start -1.48 0.73) (end 1.48 0.73) (layer B.CrtYd) (width 0.05))
    (fp_line (start 1.48 0.73) (end 1.48 -0.73) (layer B.CrtYd) (width 0.05))
    (fp_line (start 1.48 -0.73) (end -1.48 -0.73) (layer B.CrtYd) (width 0.05))
    (fp_text user %R (at 0 0) (layer B.Fab)
      (effects (font (size 0.4 0.4) (thickness 0.06)) (justify mirror))
    )
    (pad 1 smd roundrect (at -0.7875 0) (size 0.875 0.95) (layers B.Cu B.Paste B.Mask) (roundrect_rratio 0.25)
      (net 89 "Net-(R124-Pad1)"))
    (pad 2 smd roundrect (at 0.7875 0) (size 0.875 0.95) (layers B.Cu B.Paste B.Mask) (roundrect_rratio 0.25)
      (net 34 "Net-(D107-Pad2)"))
    (model ${KISYS3DMOD}/Resistor_SMD.3dshapes/R_0603_1608Metric.wrl
      (at (xyz 0 0 0))
      (scale (xyz 1 1 1))
      (rotate (xyz 0 0 0))
    )
  )

  (module Package_TO_SOT_SMD:TSOT-23 (layer B.Cu) (tedit 5D3F794A) (tstamp 5D424F55)
    (at 157.607 145.709 90)
    (descr "3-pin TSOT23 package, http://www.analog.com.tw/pdf/All_In_One.pdf")
    (tags TSOT-23)
    (path /5C641117)
    (attr smd)
    (fp_text reference Q114 (at -3.008 0 180) (layer B.SilkS)
      (effects (font (size 0.7 0.7) (thickness 0.1)) (justify mirror))
    )
    (fp_text value PNP (at 0 -2.5 90) (layer B.Fab)
      (effects (font (size 1 1) (thickness 0.15)) (justify mirror))
    )
    (fp_text user %R (at 0 0) (layer B.Fab)
      (effects (font (size 0.5 0.5) (thickness 0.075)) (justify mirror))
    )
    (fp_line (start 0.95 -0.5) (end 0.95 -1.55) (layer B.SilkS) (width 0.12))
    (fp_line (start 0.95 -1.55) (end -0.9 -1.55) (layer B.SilkS) (width 0.12))
    (fp_line (start 0.95 1.5) (end 0.95 0.5) (layer B.SilkS) (width 0.12))
    (fp_line (start 0.93 1.51) (end -1.5 1.51) (layer B.SilkS) (width 0.12))
    (fp_line (start -0.88 1) (end -0.43 1.45) (layer B.Fab) (width 0.1))
    (fp_line (start 0.88 1.45) (end -0.43 1.45) (layer B.Fab) (width 0.1))
    (fp_line (start -0.88 1) (end -0.88 -1.45) (layer B.Fab) (width 0.1))
    (fp_line (start 0.88 -1.45) (end -0.88 -1.45) (layer B.Fab) (width 0.1))
    (fp_line (start 0.88 1.45) (end 0.88 -1.45) (layer B.Fab) (width 0.1))
    (fp_line (start -2.17 1.7) (end 2.17 1.7) (layer B.CrtYd) (width 0.05))
    (fp_line (start -2.17 1.7) (end -2.17 -1.7) (layer B.CrtYd) (width 0.05))
    (fp_line (start 2.17 -1.7) (end 2.17 1.7) (layer B.CrtYd) (width 0.05))
    (fp_line (start 2.17 -1.7) (end -2.17 -1.7) (layer B.CrtYd) (width 0.05))
    (pad 1 smd rect (at -1.31 0.95 90) (size 1.22 0.65) (layers B.Cu B.Paste B.Mask)
      (net 56 "Net-(Q114-Pad1)"))
    (pad 2 smd rect (at -1.31 -0.95 90) (size 1.22 0.65) (layers B.Cu B.Paste B.Mask)
      (net 25 /OUTPUT_VCC))
    (pad 3 smd rect (at 1.31 0 90) (size 1.22 0.65) (layers B.Cu B.Paste B.Mask)
      (net 7 /OUT_4))
    (model ${KISYS3DMOD}/Package_TO_SOT_SMD.3dshapes/TSOT-23.wrl
      (at (xyz 0 0 0))
      (scale (xyz 1 1 1))
      (rotate (xyz 0 0 0))
    )
  )

  (module MountingHole:MountingHole_4mm_Pad (layer F.Cu) (tedit 5D3F7219) (tstamp 5D424F4E)
    (at 123.206 144.538)
    (descr "Mounting Hole 4mm")
    (tags "mounting hole 4mm")
    (path /5D7251EF)
    (attr virtual)
    (fp_text reference H101 (at -0.016 -0.012) (layer F.SilkS) hide
      (effects (font (size 1 1) (thickness 0.15)))
    )
    (fp_text value MountingHole (at 0 5) (layer F.Fab)
      (effects (font (size 1 1) (thickness 0.15)))
    )
    (fp_text user %R (at 0.3 0) (layer F.Fab)
      (effects (font (size 1 1) (thickness 0.15)))
    )
    (fp_circle (center 0 0) (end 4 0) (layer Cmts.User) (width 0.15))
    (fp_circle (center 0 0) (end 4.25 0) (layer F.CrtYd) (width 0.05))
    (pad 1 thru_hole circle (at 0 0) (size 8 8) (drill 4) (layers *.Cu *.Mask))
  )

  (module LED_SMD:LED_0805_2012Metric (layer F.Cu) (tedit 5D40B74F) (tstamp 5D424F3B)
    (at 166.116 134.9525 270)
    (descr "LED SMD 0805 (2012 Metric), square (rectangular) end terminal, IPC_7351 nominal, (Body size source: https://docs.google.com/spreadsheets/d/1BsfQQcO9C6DZCsRaXUlFlo91Tg2WpOkGARC1WS5S8t0/edit?usp=sharing), generated with kicad-footprint-generator")
    (tags diode)
    (path /5C66C341)
    (attr smd)
    (fp_text reference D118 (at 0 -1.65 270) (layer F.SilkS) hide
      (effects (font (size 1 1) (thickness 0.15)))
    )
    (fp_text value OUT_5 (at 0 1.65 270) (layer F.Fab)
      (effects (font (size 1 1) (thickness 0.15)))
    )
    (fp_text user %R (at 0 0 270) (layer F.Fab)
      (effects (font (size 0.5 0.5) (thickness 0.08)))
    )
    (fp_line (start 1.68 0.95) (end -1.68 0.95) (layer F.CrtYd) (width 0.05))
    (fp_line (start 1.68 -0.95) (end 1.68 0.95) (layer F.CrtYd) (width 0.05))
    (fp_line (start -1.68 -0.95) (end 1.68 -0.95) (layer F.CrtYd) (width 0.05))
    (fp_line (start -1.68 0.95) (end -1.68 -0.95) (layer F.CrtYd) (width 0.05))
    (fp_line (start -1.685 0.96) (end 1 0.96) (layer F.SilkS) (width 0.12))
    (fp_line (start -1.685 -0.96) (end -1.685 0.96) (layer F.SilkS) (width 0.12))
    (fp_line (start 1 -0.96) (end -1.685 -0.96) (layer F.SilkS) (width 0.12))
    (fp_line (start 1 0.6) (end 1 -0.6) (layer F.Fab) (width 0.1))
    (fp_line (start -1 0.6) (end 1 0.6) (layer F.Fab) (width 0.1))
    (fp_line (start -1 -0.3) (end -1 0.6) (layer F.Fab) (width 0.1))
    (fp_line (start -0.7 -0.6) (end -1 -0.3) (layer F.Fab) (width 0.1))
    (fp_line (start 1 -0.6) (end -0.7 -0.6) (layer F.Fab) (width 0.1))
    (pad 2 smd roundrect (at 0.9375 0 270) (size 0.975 1.4) (layers F.Cu F.Paste F.Mask) (roundrect_rratio 0.25)
      (net 84 "Net-(D118-Pad2)"))
    (pad 1 smd roundrect (at -0.9375 0 270) (size 0.975 1.4) (layers F.Cu F.Paste F.Mask) (roundrect_rratio 0.25)
      (net 1 GND))
    (model ${KISYS3DMOD}/LED_SMD.3dshapes/LED_0805_2012Metric.wrl
      (at (xyz 0 0 0))
      (scale (xyz 1 1 1))
      (rotate (xyz 0 0 0))
    )
  )

  (module Resistor_SMD:R_0603_1608Metric (layer B.Cu) (tedit 5D3F7AD1) (tstamp 5D424F26)
    (at 157.607 141.224 90)
    (descr "Resistor SMD 0603 (1608 Metric), square (rectangular) end terminal, IPC_7351 nominal, (Body size source: http://www.tortai-tech.com/upload/download/2011102023233369053.pdf), generated with kicad-footprint-generator")
    (tags resistor)
    (path /5C64111D)
    (attr smd)
    (fp_text reference R150 (at 2.921 0.254 90) (layer B.SilkS)
      (effects (font (size 0.7 0.7) (thickness 0.1)) (justify mirror))
    )
    (fp_text value 10k (at 0 -1.43 90) (layer B.Fab)
      (effects (font (size 1 1) (thickness 0.15)) (justify mirror))
    )
    (fp_text user %R (at 0 0 90) (layer B.Fab)
      (effects (font (size 0.4 0.4) (thickness 0.06)) (justify mirror))
    )
    (fp_line (start 1.48 -0.73) (end -1.48 -0.73) (layer B.CrtYd) (width 0.05))
    (fp_line (start 1.48 0.73) (end 1.48 -0.73) (layer B.CrtYd) (width 0.05))
    (fp_line (start -1.48 0.73) (end 1.48 0.73) (layer B.CrtYd) (width 0.05))
    (fp_line (start -1.48 -0.73) (end -1.48 0.73) (layer B.CrtYd) (width 0.05))
    (fp_line (start -0.162779 -0.51) (end 0.162779 -0.51) (layer B.SilkS) (width 0.12))
    (fp_line (start -0.162779 0.51) (end 0.162779 0.51) (layer B.SilkS) (width 0.12))
    (fp_line (start 0.8 -0.4) (end -0.8 -0.4) (layer B.Fab) (width 0.1))
    (fp_line (start 0.8 0.4) (end 0.8 -0.4) (layer B.Fab) (width 0.1))
    (fp_line (start -0.8 0.4) (end 0.8 0.4) (layer B.Fab) (width 0.1))
    (fp_line (start -0.8 -0.4) (end -0.8 0.4) (layer B.Fab) (width 0.1))
    (pad 2 smd roundrect (at 0.7875 0 90) (size 0.875 0.95) (layers B.Cu B.Paste B.Mask) (roundrect_rratio 0.25)
      (net 66 "Net-(R141-Pad1)"))
    (pad 1 smd roundrect (at -0.7875 0 90) (size 0.875 0.95) (layers B.Cu B.Paste B.Mask) (roundrect_rratio 0.25)
      (net 56 "Net-(Q114-Pad1)"))
    (model ${KISYS3DMOD}/Resistor_SMD.3dshapes/R_0603_1608Metric.wrl
      (at (xyz 0 0 0))
      (scale (xyz 1 1 1))
      (rotate (xyz 0 0 0))
    )
  )

  (module Resistor_SMD:R_0603_1608Metric (layer B.Cu) (tedit 5D3F7AC4) (tstamp 5D424F16)
    (at 150.622 141.224 90)
    (descr "Resistor SMD 0603 (1608 Metric), square (rectangular) end terminal, IPC_7351 nominal, (Body size source: http://www.tortai-tech.com/upload/download/2011102023233369053.pdf), generated with kicad-footprint-generator")
    (tags resistor)
    (path /5C6401CC)
    (attr smd)
    (fp_text reference R149 (at 2.921 0.254 90) (layer B.SilkS)
      (effects (font (size 0.7 0.7) (thickness 0.1)) (justify mirror))
    )
    (fp_text value 10k (at 0 -1.43 90) (layer B.Fab)
      (effects (font (size 1 1) (thickness 0.15)) (justify mirror))
    )
    (fp_line (start -0.8 -0.4) (end -0.8 0.4) (layer B.Fab) (width 0.1))
    (fp_line (start -0.8 0.4) (end 0.8 0.4) (layer B.Fab) (width 0.1))
    (fp_line (start 0.8 0.4) (end 0.8 -0.4) (layer B.Fab) (width 0.1))
    (fp_line (start 0.8 -0.4) (end -0.8 -0.4) (layer B.Fab) (width 0.1))
    (fp_line (start -0.162779 0.51) (end 0.162779 0.51) (layer B.SilkS) (width 0.12))
    (fp_line (start -0.162779 -0.51) (end 0.162779 -0.51) (layer B.SilkS) (width 0.12))
    (fp_line (start -1.48 -0.73) (end -1.48 0.73) (layer B.CrtYd) (width 0.05))
    (fp_line (start -1.48 0.73) (end 1.48 0.73) (layer B.CrtYd) (width 0.05))
    (fp_line (start 1.48 0.73) (end 1.48 -0.73) (layer B.CrtYd) (width 0.05))
    (fp_line (start 1.48 -0.73) (end -1.48 -0.73) (layer B.CrtYd) (width 0.05))
    (fp_text user %R (at 0 0 90) (layer B.Fab)
      (effects (font (size 0.4 0.4) (thickness 0.06)) (justify mirror))
    )
    (pad 1 smd roundrect (at -0.7875 0 90) (size 0.875 0.95) (layers B.Cu B.Paste B.Mask) (roundrect_rratio 0.25)
      (net 55 "Net-(Q113-Pad1)"))
    (pad 2 smd roundrect (at 0.7875 0 90) (size 0.875 0.95) (layers B.Cu B.Paste B.Mask) (roundrect_rratio 0.25)
      (net 67 "Net-(R142-Pad1)"))
    (model ${KISYS3DMOD}/Resistor_SMD.3dshapes/R_0603_1608Metric.wrl
      (at (xyz 0 0 0))
      (scale (xyz 1 1 1))
      (rotate (xyz 0 0 0))
    )
  )

  (module Resistor_SMD:R_0603_1608Metric (layer B.Cu) (tedit 5D3F7AB3) (tstamp 5D424F06)
    (at 144.907 141.224 90)
    (descr "Resistor SMD 0603 (1608 Metric), square (rectangular) end terminal, IPC_7351 nominal, (Body size source: http://www.tortai-tech.com/upload/download/2011102023233369053.pdf), generated with kicad-footprint-generator")
    (tags resistor)
    (path /5C66C323)
    (attr smd)
    (fp_text reference R132 (at 2.921 0 90) (layer B.SilkS)
      (effects (font (size 0.7 0.7) (thickness 0.1)) (justify mirror))
    )
    (fp_text value 1k (at 0 -1.43 90) (layer B.Fab)
      (effects (font (size 1 1) (thickness 0.15)) (justify mirror))
    )
    (fp_text user %R (at 0 0 90) (layer B.Fab)
      (effects (font (size 0.4 0.4) (thickness 0.06)) (justify mirror))
    )
    (fp_line (start 1.48 -0.73) (end -1.48 -0.73) (layer B.CrtYd) (width 0.05))
    (fp_line (start 1.48 0.73) (end 1.48 -0.73) (layer B.CrtYd) (width 0.05))
    (fp_line (start -1.48 0.73) (end 1.48 0.73) (layer B.CrtYd) (width 0.05))
    (fp_line (start -1.48 -0.73) (end -1.48 0.73) (layer B.CrtYd) (width 0.05))
    (fp_line (start -0.162779 -0.51) (end 0.162779 -0.51) (layer B.SilkS) (width 0.12))
    (fp_line (start -0.162779 0.51) (end 0.162779 0.51) (layer B.SilkS) (width 0.12))
    (fp_line (start 0.8 -0.4) (end -0.8 -0.4) (layer B.Fab) (width 0.1))
    (fp_line (start 0.8 0.4) (end 0.8 -0.4) (layer B.Fab) (width 0.1))
    (fp_line (start -0.8 0.4) (end 0.8 0.4) (layer B.Fab) (width 0.1))
    (fp_line (start -0.8 -0.4) (end -0.8 0.4) (layer B.Fab) (width 0.1))
    (pad 2 smd roundrect (at 0.7875 0 90) (size 0.875 0.95) (layers B.Cu B.Paste B.Mask) (roundrect_rratio 0.25)
      (net 81 "Net-(D115-Pad2)"))
    (pad 1 smd roundrect (at -0.7875 0 90) (size 0.875 0.95) (layers B.Cu B.Paste B.Mask) (roundrect_rratio 0.25)
      (net 5 /OUT_2))
    (model ${KISYS3DMOD}/Resistor_SMD.3dshapes/R_0603_1608Metric.wrl
      (at (xyz 0 0 0))
      (scale (xyz 1 1 1))
      (rotate (xyz 0 0 0))
    )
  )

  (module Resistor_SMD:R_0603_1608Metric (layer B.Cu) (tedit 5D3F7825) (tstamp 5D424EC7)
    (at 177.2665 134.493)
    (descr "Resistor SMD 0603 (1608 Metric), square (rectangular) end terminal, IPC_7351 nominal, (Body size source: http://www.tortai-tech.com/upload/download/2011102023233369053.pdf), generated with kicad-footprint-generator")
    (tags resistor)
    (path /5C5533E2)
    (attr smd)
    (fp_text reference R138 (at -2.7685 0) (layer B.SilkS)
      (effects (font (size 0.7 0.7) (thickness 0.1)) (justify mirror))
    )
    (fp_text value 1k (at 0 -1.43) (layer B.Fab)
      (effects (font (size 1 1) (thickness 0.15)) (justify mirror))
    )
    (fp_line (start -0.8 -0.4) (end -0.8 0.4) (layer B.Fab) (width 0.1))
    (fp_line (start -0.8 0.4) (end 0.8 0.4) (layer B.Fab) (width 0.1))
    (fp_line (start 0.8 0.4) (end 0.8 -0.4) (layer B.Fab) (width 0.1))
    (fp_line (start 0.8 -0.4) (end -0.8 -0.4) (layer B.Fab) (width 0.1))
    (fp_line (start -0.162779 0.51) (end 0.162779 0.51) (layer B.SilkS) (width 0.12))
    (fp_line (start -0.162779 -0.51) (end 0.162779 -0.51) (layer B.SilkS) (width 0.12))
    (fp_line (start -1.48 -0.73) (end -1.48 0.73) (layer B.CrtYd) (width 0.05))
    (fp_line (start -1.48 0.73) (end 1.48 0.73) (layer B.CrtYd) (width 0.05))
    (fp_line (start 1.48 0.73) (end 1.48 -0.73) (layer B.CrtYd) (width 0.05))
    (fp_line (start 1.48 -0.73) (end -1.48 -0.73) (layer B.CrtYd) (width 0.05))
    (fp_text user %R (at 0 0) (layer B.Fab)
      (effects (font (size 0.4 0.4) (thickness 0.06)) (justify mirror))
    )
    (pad 1 smd roundrect (at -0.7875 0) (size 0.875 0.95) (layers B.Cu B.Paste B.Mask) (roundrect_rratio 0.25)
      (net 63 "Net-(R138-Pad1)"))
    (pad 2 smd roundrect (at 0.7875 0) (size 0.875 0.95) (layers B.Cu B.Paste B.Mask) (roundrect_rratio 0.25)
      (net 94 "Net-(R129-Pad1)"))
    (model ${KISYS3DMOD}/Resistor_SMD.3dshapes/R_0603_1608Metric.wrl
      (at (xyz 0 0 0))
      (scale (xyz 1 1 1))
      (rotate (xyz 0 0 0))
    )
  )

  (module Package_SO:SOIC-14_3.9x8.7mm_P1.27mm (layer B.Cu) (tedit 5D3F78D5) (tstamp 5D424E82)
    (at 144.653 124.714 90)
    (descr "14-Lead Plastic Small Outline (SL) - Narrow, 3.90 mm Body [SOIC] (see Microchip Packaging Specification 00000049BS.pdf)")
    (tags "SOIC 1.27")
    (path /5CB4609E)
    (attr smd)
    (fp_text reference U102 (at 4.318 0 180) (layer B.SilkS)
      (effects (font (size 0.7 0.7) (thickness 0.1)) (justify mirror))
    )
    (fp_text value 74HC86 (at 0 -5.375 90) (layer B.Fab)
      (effects (font (size 1 1) (thickness 0.15)) (justify mirror))
    )
    (fp_text user %R (at 0 0 90) (layer B.Fab)
      (effects (font (size 0.9 0.9) (thickness 0.135)) (justify mirror))
    )
    (fp_line (start -0.95 4.35) (end 1.95 4.35) (layer B.Fab) (width 0.15))
    (fp_line (start 1.95 4.35) (end 1.95 -4.35) (layer B.Fab) (width 0.15))
    (fp_line (start 1.95 -4.35) (end -1.95 -4.35) (layer B.Fab) (width 0.15))
    (fp_line (start -1.95 -4.35) (end -1.95 3.35) (layer B.Fab) (width 0.15))
    (fp_line (start -1.95 3.35) (end -0.95 4.35) (layer B.Fab) (width 0.15))
    (fp_line (start -3.7 4.65) (end -3.7 -4.65) (layer B.CrtYd) (width 0.05))
    (fp_line (start 3.7 4.65) (end 3.7 -4.65) (layer B.CrtYd) (width 0.05))
    (fp_line (start -3.7 4.65) (end 3.7 4.65) (layer B.CrtYd) (width 0.05))
    (fp_line (start -3.7 -4.65) (end 3.7 -4.65) (layer B.CrtYd) (width 0.05))
    (fp_line (start -2.075 4.45) (end -2.075 4.425) (layer B.SilkS) (width 0.15))
    (fp_line (start 2.075 4.45) (end 2.075 4.335) (layer B.SilkS) (width 0.15))
    (fp_line (start 2.075 -4.45) (end 2.075 -4.335) (layer B.SilkS) (width 0.15))
    (fp_line (start -2.075 -4.45) (end -2.075 -4.335) (layer B.SilkS) (width 0.15))
    (fp_line (start -2.075 4.45) (end 2.075 4.45) (layer B.SilkS) (width 0.15))
    (fp_line (start -2.075 -4.45) (end 2.075 -4.45) (layer B.SilkS) (width 0.15))
    (fp_line (start -2.075 4.425) (end -3.45 4.425) (layer B.SilkS) (width 0.15))
    (pad 1 smd rect (at -2.7 3.81 90) (size 1.5 0.6) (layers B.Cu B.Paste B.Mask)
      (net 13 /REF_XOR))
    (pad 2 smd rect (at -2.7 2.54 90) (size 1.5 0.6) (layers B.Cu B.Paste B.Mask)
      (net 71 "Net-(R154-Pad1)"))
    (pad 3 smd rect (at -2.7 1.27 90) (size 1.5 0.6) (layers B.Cu B.Paste B.Mask)
      (net 87 "Net-(R122-Pad1)"))
    (pad 4 smd rect (at -2.7 0 90) (size 1.5 0.6) (layers B.Cu B.Paste B.Mask)
      (net 13 /REF_XOR))
    (pad 5 smd rect (at -2.7 -1.27 90) (size 1.5 0.6) (layers B.Cu B.Paste B.Mask)
      (net 72 "Net-(R155-Pad1)"))
    (pad 6 smd rect (at -2.7 -2.54 90) (size 1.5 0.6) (layers B.Cu B.Paste B.Mask)
      (net 88 "Net-(R123-Pad1)"))
    (pad 7 smd rect (at -2.7 -3.81 90) (size 1.5 0.6) (layers B.Cu B.Paste B.Mask)
      (net 1 GND))
    (pad 8 smd rect (at 2.7 -3.81 90) (size 1.5 0.6) (layers B.Cu B.Paste B.Mask)
      (net 89 "Net-(R124-Pad1)"))
    (pad 9 smd rect (at 2.7 -2.54 90) (size 1.5 0.6) (layers B.Cu B.Paste B.Mask)
      (net 13 /REF_XOR))
    (pad 10 smd rect (at 2.7 -1.27 90) (size 1.5 0.6) (layers B.Cu B.Paste B.Mask)
      (net 73 "Net-(R156-Pad1)"))
    (pad 11 smd rect (at 2.7 0 90) (size 1.5 0.6) (layers B.Cu B.Paste B.Mask)
      (net 90 "Net-(R125-Pad1)"))
    (pad 12 smd rect (at 2.7 1.27 90) (size 1.5 0.6) (layers B.Cu B.Paste B.Mask)
      (net 13 /REF_XOR))
    (pad 13 smd rect (at 2.7 2.54 90) (size 1.5 0.6) (layers B.Cu B.Paste B.Mask)
      (net 74 "Net-(R157-Pad1)"))
    (pad 14 smd rect (at 2.7 3.81 90) (size 1.5 0.6) (layers B.Cu B.Paste B.Mask)
      (net 2 VCC))
    (model ${KISYS3DMOD}/Package_SO.3dshapes/SOIC-14_3.9x8.7mm_P1.27mm.wrl
      (at (xyz 0 0 0))
      (scale (xyz 1 1 1))
      (rotate (xyz 0 0 0))
    )
  )

  (module Package_SO:SOIC-14_3.9x8.7mm_P1.27mm (layer B.Cu) (tedit 5D3F78E5) (tstamp 5D424E60)
    (at 172.593 124.587 90)
    (descr "14-Lead Plastic Small Outline (SL) - Narrow, 3.90 mm Body [SOIC] (see Microchip Packaging Specification 00000049BS.pdf)")
    (tags "SOIC 1.27")
    (path /5CBF9B2C)
    (attr smd)
    (fp_text reference U103 (at 4.318 0 180) (layer B.SilkS)
      (effects (font (size 0.7 0.7) (thickness 0.1)) (justify mirror))
    )
    (fp_text value 74HC86 (at 0 -5.375 90) (layer B.Fab)
      (effects (font (size 1 1) (thickness 0.15)) (justify mirror))
    )
    (fp_line (start -2.075 4.425) (end -3.45 4.425) (layer B.SilkS) (width 0.15))
    (fp_line (start -2.075 -4.45) (end 2.075 -4.45) (layer B.SilkS) (width 0.15))
    (fp_line (start -2.075 4.45) (end 2.075 4.45) (layer B.SilkS) (width 0.15))
    (fp_line (start -2.075 -4.45) (end -2.075 -4.335) (layer B.SilkS) (width 0.15))
    (fp_line (start 2.075 -4.45) (end 2.075 -4.335) (layer B.SilkS) (width 0.15))
    (fp_line (start 2.075 4.45) (end 2.075 4.335) (layer B.SilkS) (width 0.15))
    (fp_line (start -2.075 4.45) (end -2.075 4.425) (layer B.SilkS) (width 0.15))
    (fp_line (start -3.7 -4.65) (end 3.7 -4.65) (layer B.CrtYd) (width 0.05))
    (fp_line (start -3.7 4.65) (end 3.7 4.65) (layer B.CrtYd) (width 0.05))
    (fp_line (start 3.7 4.65) (end 3.7 -4.65) (layer B.CrtYd) (width 0.05))
    (fp_line (start -3.7 4.65) (end -3.7 -4.65) (layer B.CrtYd) (width 0.05))
    (fp_line (start -1.95 3.35) (end -0.95 4.35) (layer B.Fab) (width 0.15))
    (fp_line (start -1.95 -4.35) (end -1.95 3.35) (layer B.Fab) (width 0.15))
    (fp_line (start 1.95 -4.35) (end -1.95 -4.35) (layer B.Fab) (width 0.15))
    (fp_line (start 1.95 4.35) (end 1.95 -4.35) (layer B.Fab) (width 0.15))
    (fp_line (start -0.95 4.35) (end 1.95 4.35) (layer B.Fab) (width 0.15))
    (fp_text user %R (at 0 0 90) (layer B.Fab)
      (effects (font (size 0.9 0.9) (thickness 0.135)) (justify mirror))
    )
    (pad 14 smd rect (at 2.7 3.81 90) (size 1.5 0.6) (layers B.Cu B.Paste B.Mask)
      (net 2 VCC))
    (pad 13 smd rect (at 2.7 2.54 90) (size 1.5 0.6) (layers B.Cu B.Paste B.Mask)
      (net 78 "Net-(R161-Pad1)"))
    (pad 12 smd rect (at 2.7 1.27 90) (size 1.5 0.6) (layers B.Cu B.Paste B.Mask)
      (net 13 /REF_XOR))
    (pad 11 smd rect (at 2.7 0 90) (size 1.5 0.6) (layers B.Cu B.Paste B.Mask)
      (net 94 "Net-(R129-Pad1)"))
    (pad 10 smd rect (at 2.7 -1.27 90) (size 1.5 0.6) (layers B.Cu B.Paste B.Mask)
      (net 77 "Net-(R160-Pad1)"))
    (pad 9 smd rect (at 2.7 -2.54 90) (size 1.5 0.6) (layers B.Cu B.Paste B.Mask)
      (net 13 /REF_XOR))
